1707981669076 0.1137000024318695 0
1707981669558 0.14300000667572021 1
1707981670054 0.2303999960422516 2
1707981670544 0.3167000114917755 3
1707981671054 0.5437999963760376 4
1707981671561 0.7361000180244446 5
1707981672058 0.8741999864578247 6
1707981672537 0.9117000102996826 7
1707981673025 0.9318000078201294 8
1707981673502 0.9437999725341797 9
1707981673988 0.9521999955177307 10
1707981674509 0.9603000283241272 11
1707981674993 0.965499997138977 12
1707981675488 0.9695000052452087 13
1707981675979 0.9729999899864197 14
1707981676466 0.9761000275611877 15
1707981676963 0.979200005531311 16
1707981677441 0.9804999828338623 17
1707981677932 0.982699990272522 18
1707981678421 0.9850999712944031 19
1707981678913 0.9854000210762024 20
1707981679400 0.9864000082015991 21
1707981679884 0.9894000291824341 22
1707981680363 0.9886999726295471 23
1707981680840 0.9897000193595886 24
1707981681302 0.9898999929428101 25
1707981681763 0.9919999837875366 26
1707981682233 0.9926000237464905 27
1707981682713 0.9932000041007996 28
1707981683191 0.9944000244140625 29
1707981683668 0.9945999979972839 30
1707981684147 0.9954000115394592 31
1707981684621 0.9943000078201294 32
1707981685090 0.9954000115394592 33
1707981685561 0.9961000084877014 34
1707981686026 0.9955999851226807 35
1707981686500 0.9965000152587891 36
1707981686972 0.9969000220298767 37
1707981687442 0.9972000122070312 38
1707981687910 0.9962999820709229 39
1707981688373 0.9973000288009644 40
1707981688836 0.9973999857902527 41
1707981689307 0.9976999759674072 42
1707981689775 0.9980000257492065 43
1707981690256 0.9983000159263611 44
1707981690733 0.9986000061035156 45
1707981691210 0.9972000122070312 46
1707981691674 0.9988999962806702 47
1707981692145 0.9983000159263611 48
1707981692623 0.9991000294685364 49
1707981693096 0.9993000030517578 50
1707981693566 0.9980999827384949 51
1707981694031 0.9970999956130981 52
1707981694517 0.9990000128746033 53
1707981694993 0.9994000196456909 54
1707981695465 0.9995999932289124 55
1707981695943 0.9995999932289124 56
1707981696419 0.9995999932289124 57
1707981696885 0.9970999956130981 58
1707981697345 0.9969000220298767 59
1707981697823 0.9986000061035156 60
1707981698293 0.9998000264167786 61
1707981698761 0.9998000264167786 62
1707981699233 0.9998000264167786 63
1707981699707 0.9998000264167786 64
1707981700168 0.9998000264167786 65
1707981700648 0.9998000264167786 66
1707981701117 0.9965999722480774 67
1707981701586 0.9976999759674072 68
1707981702050 0.9990000128746033 69
1707981702525 0.9991000294685364 70
1707981703005 0.9997000098228455 71
1707981703471 0.9998000264167786 72
1707981703951 0.9998000264167786 73
1707981704431 0.9998000264167786 74
1707981704908 0.9998000264167786 75
1707981705381 0.9998000264167786 76
1707981705857 0.9995999932289124 77
1707981706336 0.9968000054359436 78
1707981706808 0.9987000226974487 79
1707981707287 0.9997000098228455 80
1707981707765 0.9998000264167786 81
1707981708264 0.9998000264167786 82
1707981708757 1.0 83
1707981709231 1.0 84
1707981709705 1.0 85
1707981710175 1.0 86
1707981710660 0.9987000226974487 87
1707981711136 0.9973000288009644 88
1707981711608 0.9988999962806702 89
1707981712081 0.9994000196456909 90
1707981712550 0.9991000294685364 91
1707981713028 0.9994000196456909 92
1707981713502 0.9991999864578247 93
1707981713965 0.9984999895095825 94
1707981714433 0.9998999834060669 95
1707981714908 1.0 96
1707981715385 1.0 97
1707981715871 1.0 98
1707981716336 1.0 99
1707981716807 1.0 100
1707981717273 1.0 101
1707981717747 1.0 102
1707981718232 1.0 103
1707981718696 1.0 104
1707981719176 1.0 105
1707981719643 1.0 106
1707981720132 1.0 107
1707981720607 0.9997000098228455 108
1707981721094 0.9966999888420105 109
1707981721575 0.9988999962806702 110
1707981722044 0.9998000264167786 111
1707981722507 0.9998000264167786 112
1707981722985 1.0 113
1707981723448 1.0 114
1707981723925 1.0 115
1707981724387 1.0 116
1707981724856 1.0 117
1707981725319 1.0 118
1707981725795 1.0 119
1707981726260 1.0 120
1707981726730 1.0 121
1707981727205 1.0 122
1707981727678 1.0 123
1707981728155 1.0 124
1707981728628 1.0 125
1707981729110 1.0 126
1707981729582 1.0 127
1707981730065 1.0 128
1707981730553 1.0 129
1707981731036 1.0 130
1707981731499 0.9961000084877014 131
1707981731990 0.9980999827384949 132
1707981732461 0.9991000294685364 133
1707981732933 0.9997000098228455 134
1707981733407 0.9991000294685364 135
1707981733891 0.9995999932289124 136
1707981734363 0.9998000264167786 137
1707981734833 0.9991000294685364 138
1707981735314 0.9965000152587891 139
1707981735786 1.0 140
1707981736261 0.9998999834060669 141
1707981736735 0.9998999834060669 142
1707981737198 0.9991000294685364 143
1707981737673 0.9987999796867371 144
1707981738152 0.9991000294685364 145
1707981738616 0.9995999932289124 146
1707981739092 1.0 147
1707981739570 1.0 148
1707981740068 1.0 149
1707981740547 1.0 150
1707981741023 1.0 151
1707981741493 1.0 152
1707981741976 1.0 153
1707981742454 1.0 154
1707981742930 1.0 155
1707981743419 1.0 156
1707981743898 1.0 157
1707981744382 1.0 158
1707981744859 1.0 159
1707981745332 1.0 160
1707981745808 1.0 161
1707981746285 1.0 162
1707981746750 1.0 163
1707981747242 1.0 164
1707981747733 1.0 165
1707981748215 1.0 166
1707981748695 1.0 167
1707981749177 0.9976000189781189 168
1707981749641 0.9984999895095825 169
1707981750112 0.9991000294685364 170
1707981750576 0.9998000264167786 171
1707981751055 1.0 172
1707981751523 0.9983999729156494 173
1707981752011 0.9979000091552734 174
1707981752485 0.9997000098228455 175
1707981752964 0.9994000196456909 176
1707981753434 0.9987999796867371 177
1707981753907 0.9983000159263611 178
1707981754379 0.9991999864578247 179
1707981754858 0.9991999864578247 180
1707981755327 0.9998999834060669 181
1707981755797 1.0 182
1707981756288 1.0 183
1707981756751 0.9993000030517578 184
1707981757233 0.9990000128746033 185
1707981757702 0.9993000030517578 186
1707981758174 0.9995999932289124 187
1707981758644 0.9991999864578247 188
1707981759114 0.9993000030517578 189
1707981759582 0.9988999962806702 190
1707981760049 0.9993000030517578 191
1707981760518 0.9998000264167786 192
1707981760991 1.0 193
1707981761460 1.0 194
1707981761929 1.0 195
1707981762394 1.0 196
1707981762866 1.0 197
1707981763346 1.0 198
1707981763815 1.0 199
1707981764293 1.0 200
1707981764759 1.0 201
1707981765232 1.0 202
1707981765707 1.0 203
1707981766180 1.0 204
1707981766657 1.0 205
1707981767137 1.0 206
1707981767607 1.0 207
1707981768083 1.0 208
1707981768553 1.0 209
1707981769024 1.0 210
1707981769490 1.0 211
1707981769956 1.0 212
1707981770443 1.0 213
1707981770932 1.0 214
1707981771401 1.0 215
1707981771870 1.0 216
1707981772346 1.0 217
1707981772824 1.0 218
1707981773293 1.0 219
1707981773752 1.0 220
1707981774231 1.0 221
1707981774703 1.0 222
1707981775174 1.0 223
1707981775642 1.0 224
1707981776110 1.0 225
1707981776599 1.0 226
1707981777089 1.0 227
1707981777608 1.0 228
1707981778080 1.0 229
1707981778559 1.0 230
1707981779039 1.0 231
1707981779512 1.0 232
1707981779983 1.0 233
1707981780467 1.0 234
1707981780952 1.0 235
1707981781429 1.0 236
1707981781893 1.0 237
1707981782362 1.0 238
1707981782833 1.0 239
1707981783307 1.0 240
1707981783776 1.0 241
1707981784255 1.0 242
1707981784725 1.0 243
1707981785193 1.0 244
1707981785659 1.0 245
1707981786130 1.0 246
1707981786600 1.0 247
1707981787074 1.0 248
1707981787554 1.0 249
1707981788026 1.0 250
1707981788505 1.0 251
1707981788976 1.0 252
1707981789452 1.0 253
1707981789927 1.0 254
1707981790399 1.0 255
1707981790886 1.0 256
1707981791379 1.0 257
1707981791855 1.0 258
1707981792334 1.0 259
1707981792814 1.0 260
1707981793293 1.0 261
1707981793766 1.0 262
1707981794242 1.0 263
1707981794713 1.0 264
1707981795185 1.0 265
1707981795653 1.0 266
1707981796126 1.0 267
1707981796612 1.0 268
1707981797086 1.0 269
1707981797567 1.0 270
1707981798053 1.0 271
1707981798647 1.0 272
1707981799121 1.0 273
1707981799608 1.0 274
1707981800082 1.0 275
1707981800565 1.0 276
1707981801042 1.0 277
1707981801507 1.0 278
1707981801979 1.0 279
1707981802453 1.0 280
1707981802930 1.0 281
1707981803409 1.0 282
1707981803880 1.0 283
1707981804351 1.0 284
1707981804827 1.0 285
1707981805331 1.0 286
1707981805860 1.0 287
1707981806375 1.0 288
1707981806905 1.0 289
1707981807495 1.0 290
1707981808153 1.0 291
1707981808716 1.0 292
1707981809193 1.0 293
1707981809668 1.0 294
1707981810136 1.0 295
1707981810609 1.0 296
1707981811079 1.0 297
1707981811551 1.0 298
1707981812014 1.0 299
