1707981669076 0.5993307828903198 0
1707981669558 0.3815699517726898 1
1707981670054 0.32452869415283203 2
1707981670544 0.2987697124481201 3
1707981671054 0.26667049527168274 4
1707981671561 0.22939065098762512 5
1707981672058 0.19446317851543427 6
1707981672537 0.1637198030948639 7
1707981673025 0.13643904030323029 8
1707981673502 0.11447667330503464 9
1707981673988 0.0966578871011734 10
1707981674509 0.08213622868061066 11
1707981674993 0.06958765536546707 12
1707981675488 0.059216126799583435 13
1707981675979 0.050673309713602066 14
1707981676466 0.043369341641664505 15
1707981676963 0.03694865480065346 16
1707981677441 0.03223157301545143 17
1707981677932 0.027811169624328613 18
1707981678421 0.023824922740459442 19
1707981678913 0.020934395492076874 20
1707981679400 0.018651828169822693 21
1707981679884 0.015917155891656876 22
1707981680363 0.014865480363368988 23
1707981680840 0.013069349341094494 24
1707981681302 0.012124785222113132 25
1707981681763 0.010373775847256184 26
1707981682233 0.009352556429803371 27
1707981682713 0.008524791337549686 28
1707981683191 0.007699606474488974 29
1707981683668 0.007012619636952877 30
1707981684147 0.006564404349774122 31
1707981684621 0.006718439515680075 32
1707981685090 0.005922757554799318 33
1707981685561 0.005164043046534061 34
1707981686026 0.005243026651442051 35
1707981686500 0.0046320343390107155 36
1707981686972 0.0043222662061452866 37
1707981687442 0.0036314900498837233 38
1707981687910 0.0038052506279200315 39
1707981688373 0.003296226030215621 40
1707981688836 0.003115994157269597 41
1707981689307 0.0029445155523717403 42
1707981689775 0.002625103108584881 43
1707981690256 0.0023094122298061848 44
1707981690733 0.0020981186535209417 45
1707981691210 0.0025913508143275976 46
1707981691674 0.001714096637442708 47
1707981692145 0.0019685151055455208 48
1707981692623 0.0014022229006513953 49
1707981693096 0.0011432507308200002 50
1707981693566 0.0018648013938218355 51
1707981694031 0.0025481812190264463 52
1707981694517 0.00130224518943578 53
1707981694993 0.0008877978543750942 54
1707981695465 0.000751957471948117 55
1707981695943 0.0006692965980619192 56
1707981696419 0.0006196290487423539 57
1707981696885 0.00198598625138402 58
1707981697345 0.0025817248970270157 59
1707981697823 0.0012690186267718673 60
1707981698293 0.0005809132126159966 61
1707981698761 0.0005262161721475422 62
1707981699233 0.0004966124542988837 63
1707981699707 0.0004666995955631137 64
1707981700168 0.0004366711655166 65
1707981700648 0.00041126771247945726 66
1707981701117 0.00282302382402122 67
1707981701586 0.0017490895697847009 68
1707981702050 0.0008814483880996704 69
1707981702525 0.0008480508695356548 70
1707981703005 0.000502108596265316 71
1707981703471 0.0003749312600120902 72
1707981703951 0.0003532351984176785 73
1707981704431 0.0003473138203844428 74
1707981704908 0.0003327601298224181 75
1707981705381 0.0003187879337929189 76
1707981705857 0.00042757243500091136 77
1707981706336 0.002024824032559991 78
1707981706808 0.001076621119864285 79
1707981707287 0.00035332608968019485 80
1707981707765 0.0003300415410194546 81
1707981708264 0.00016995574696920812 82
1707981708757 0.00014025128621142358 83
1707981709231 0.00012686228728853166 84
1707981709705 0.00011349174019414932 85
1707981710175 0.00010427111556055024 86
1707981710660 0.0009119982714764774 87
1707981711136 0.001742697088047862 88
1707981711608 0.0011192802339792252 89
1707981712081 0.0006500743329524994 90
1707981712550 0.0006034447578713298 91
1707981713028 0.00046026191557757556 92
1707981713502 0.0006319949170574546 93
1707981713965 0.0010700271232053638 94
1707981714433 0.00016422678891103715 95
1707981714908 8.736603922443464e-05 96
1707981715385 7.882896898081526e-05 97
1707981715871 7.244961307151243e-05 98
1707981716336 6.616027530981228e-05 99
1707981716807 5.839201912749559e-05 100
1707981717273 4.848902972298674e-05 101
1707981717747 4.1821385821094736e-05 102
1707981718232 3.617364927777089e-05 103
1707981718696 3.161579297739081e-05 104
1707981719176 2.7832133127958514e-05 105
1707981719643 2.2318326955428347e-05 106
1707981720132 1.86557590495795e-05 107
1707981720607 0.00019774942484218627 108
1707981721094 0.002536110347136855 109
1707981721575 0.000759097165428102 110
1707981722044 0.00011041413381462917 111
1707981722507 0.00017430454317945987 112
1707981722985 2.134228270733729e-05 113
1707981723448 1.729573887132574e-05 114
1707981723925 1.631157829251606e-05 115
1707981724387 1.5479947251151316e-05 116
1707981724856 1.4629055840487126e-05 117
1707981725319 1.3694192602997646e-05 118
1707981725795 1.269277163373772e-05 119
1707981726260 1.1601009646255989e-05 120
1707981726730 1.0455838491907343e-05 121
1707981727205 9.248208698409144e-06 122
1707981727678 8.071399861364625e-06 123
1707981728155 6.961498456803383e-06 124
1707981728628 5.934164619247895e-06 125
1707981729110 5.010463610233273e-06 126
1707981729582 4.1983366827480495e-06 127
1707981730065 3.507921519485535e-06 128
1707981730553 2.9215461836429313e-06 129
1707981731036 2.4630378447909607e-06 130
1707981731499 0.0037293548230081797 131
1707981731990 0.0009295319323427975 132
1707981732461 0.0007045897073112428 133
1707981732933 0.0003749517782125622 134
1707981733407 0.0005870755994692445 135
1707981733891 0.00024202578060794622 136
1707981734363 0.00018062553135678172 137
1707981734833 0.0007091013831086457 138
1707981735314 0.0035381850320845842 139
1707981735786 6.641446816502139e-05 140
1707981736261 3.412282603676431e-05 141
1707981736735 0.00011332486610626802 142
1707981737198 0.0005166350165382028 143
1707981737673 0.0008153273374773562 144
1707981738152 0.0007308150525204837 145
1707981738616 0.00018560279568191618 146
1707981739092 1.1303790415695403e-05 147
1707981739570 4.9088539526565e-06 148
1707981740068 3.7995480397512438e-06 149
1707981740547 3.4397885428916197e-06 150
1707981741023 3.1806555398361525e-06 151
1707981741493 2.971612957480829e-06 152
1707981741976 2.794919964799192e-06 153
1707981742454 2.632467385410564e-06 154
1707981742930 2.4781577394605847e-06 155
1707981743419 2.3234306354424916e-06 156
1707981743898 2.1614519027934875e-06 157
1707981744382 1.9968026663264027e-06 158
1707981744859 1.8237493577544228e-06 159
1707981745332 1.6525123101018835e-06 160
1707981745808 1.4777430124013335e-06 161
1707981746285 1.3070780369162094e-06 162
1707981746750 1.1434887028372032e-06 163
1707981747242 9.933203273249092e-07 164
1707981747733 8.618405900051584e-07 165
1707981748215 7.476574523934687e-07 166
1707981748695 6.938310548321169e-07 167
1707981749177 0.0027435210067778826 168
1707981749641 0.0016173934563994408 169
1707981750112 0.0011479330714792013 170
1707981750576 0.00011908843589480966 171
1707981751055 8.034823622438125e-06 172
1707981751523 0.0014403621898964047 173
1707981752011 0.00211814371868968 174
1707981752485 0.00022990486468188465 175
1707981752964 0.0007488686824217439 176
1707981753434 0.0008143114973790944 177
1707981753907 0.001487836823798716 178
1707981754379 0.0008397807250730693 179
1707981754858 0.0007906639948487282 180
1707981755327 0.000138385861646384 181
1707981755797 2.042941741819959e-05 182
1707981756288 4.202048876322806e-05 183
1707981756751 0.0007605808204971254 184
1707981757233 0.0008285320946015418 185
1707981757702 0.00043282032129354775 186
1707981758174 0.00019471801351755857 187
1707981758644 0.0009685737895779312 188
1707981759114 0.0006045626942068338 189
1707981759582 0.0009671561419963837 190
1707981760049 0.0006806039600633085 191
1707981760518 0.00030215553124435246 192
1707981760991 2.6069822069985094e-06 193
1707981761460 1.8533486354499473e-06 194
1707981761929 1.5619733630956034e-06 195
1707981762394 1.384160555062408e-06 196
1707981762866 1.2339882005107938e-06 197
1707981763346 1.1130207440146478e-06 198
1707981763815 1.0182371852351935e-06 199
1707981764293 9.405566174791602e-07 200
1707981764759 8.757870659792388e-07 201
1707981765232 8.184375133168942e-07 202
1707981765707 7.633163932041498e-07 203
1707981766180 7.127401318030024e-07 204
1707981766657 6.635978593294567e-07 205
1707981767137 6.137328796285146e-07 206
1707981767607 5.629941597362631e-07 207
1707981768083 5.135436822456541e-07 208
1707981768553 4.6440939627245825e-07 209
1707981769024 4.197758585178235e-07 210
1707981769490 3.7711802747253387e-07 211
1707981769956 3.3989795156230684e-07 212
1707981770443 3.066530211981444e-07 213
1707981770932 2.728593813117186e-07 214
1707981771401 2.38605423419358e-07 215
1707981771870 2.1505113068087667e-07 216
1707981772346 1.9324625100125559e-07 217
1707981772824 1.743883331073448e-07 218
1707981773293 1.5895757599082572e-07 219
1707981773752 1.4566184347586386e-07 220
1707981774231 1.3401833598436497e-07 221
1707981774703 1.2384114711494476e-07 222
1707981775174 1.1492862483919453e-07 223
1707981775642 1.0693449326026894e-07 224
1707981776110 9.988469429345059e-08 225
1707981776599 9.345966134333139e-08 226
1707981777089 8.769249859597039e-08 227
1707981777608 8.242100335564828e-08 228
1707981778080 7.778736943464537e-08 229
1707981778559 7.364774745610703e-08 230
1707981779039 7.000458879247162e-08 231
1707981779512 6.665087681767545e-08 232
1707981779983 6.35562642514742e-08 233
1707981780467 6.071455516121205e-08 234
1707981780952 5.809548397905928e-08 235
1707981781429 5.5666681930688355e-08 236
1707981781893 5.3400050603613636e-08 237
1707981782362 5.1323599592478786e-08 238
1707981782833 4.939962039429702e-08 239
1707981783307 4.762041427852637e-08 240
1707981783776 4.595168690002538e-08 241
1707981784255 4.438407330553673e-08 242
1707981784725 4.290526689487706e-08 243
1707981785193 4.152693833248122e-08 244
1707981785659 4.0222452923899255e-08 245
1707981786130 3.898862033224759e-08 246
1707981786600 3.7822800891262887e-08 247
1707981787074 3.672013093591886e-08 248
1707981787554 3.5682944599102484e-08 249
1707981788026 3.470280063311293e-08 250
1707981788505 3.3768120744070984e-08 251
1707981788976 3.2874382327463536e-08 252
1707981789452 3.202665865842391e-08 253
1707981789927 3.121889236012976e-08 254
1707981790399 3.044827678877482e-08 255
1707981790886 2.9715481630887552e-08 256
1707981791379 2.9021069991586046e-08 257
1707981791855 2.8365260362761546e-08 258
1707981792334 2.7738987995462594e-08 259
1707981792814 2.7142794678525206e-08 260
1707981793293 2.6575703415687713e-08 261
1707981793766 2.6034092215354576e-08 262
1707981794242 2.5513930523857198e-08 263
1707981794713 2.501251294972917e-08 264
1707981795185 2.4528976183546547e-08 265
1707981795653 2.4065963444286353e-08 266
1707981796126 2.3623185185783768e-08 267
1707981796612 2.3197021192800094e-08 268
1707981797086 2.2789167886116957e-08 269
1707981797567 2.239630347844468e-08 270
1707981798053 2.201893600783933e-08 271
1707981798647 2.1653569604040968e-08 272
1707981799121 2.130163601066215e-08 273
1707981799608 2.095924500622459e-08 274
1707981800082 2.0628752039897336e-08 275
1707981800565 2.0307510339989676e-08 276
1707981801042 1.999534759988819e-08 277
1707981801507 1.9692070196697387e-08 278
1707981801979 1.939798366379364e-08 279
1707981802453 1.91117468517632e-08 280
1707981802930 1.883390332579893e-08 281
1707981803409 1.8561873815770014e-08 282
1707981803880 1.8297711790182802e-08 283
1707981804351 1.803929983168473e-08 284
1707981804827 1.778759894932591e-08 285
1707981805331 1.7541495367368043e-08 286
1707981805860 1.7300759935778842e-08 287
1707981806375 1.7065559632101213e-08 288
1707981806905 1.6835709715223857e-08 289
1707981807495 1.6610437469921635e-08 290
1707981808153 1.6389803292327088e-08 291
1707981808716 1.6174730887996702e-08 292
1707981809193 1.59632058682746e-08 293
1707981809668 1.5755567517317104e-08 294
1707981810136 1.5553652588096156e-08 295
1707981810609 1.53544874592626e-08 296
1707981811079 1.5159258737185155e-08 297
1707981811551 1.4967117323294588e-08 298
1707981812014 1.4779083734595133e-08 299
