1707980728918 0.1005999967455864 0
1707980729550 0.10289999842643738 1
1707980730181 0.1103999987244606 2
1707980730808 0.11240000277757645 3
1707980731438 0.13099999725818634 4
1707980732067 0.14980000257492065 5
1707980732693 0.16769999265670776 6
1707980733347 0.1931000053882599 7
1707980733972 0.1914999932050705 8
1707980734585 0.19580000638961792 9
1707980735205 0.20749999582767487 10
1707980735805 0.20960000157356262 11
1707980736405 0.21040000021457672 12
1707980737003 0.21719999611377716 13
1707980737650 0.21729999780654907 14
1707980738274 0.2240000069141388 15
1707980738899 0.22120000422000885 16
1707980739531 0.22619999945163727 17
