1707980728918 0.7537641525268555 0
1707980729550 0.4892151951789856 1
1707980730181 0.4211653172969818 2
1707980730808 0.3929409086704254 3
1707980731438 0.3743588924407959 4
1707980732067 0.358507364988327 5
1707980732693 0.3490995466709137 6
1707980733347 0.33876296877861023 7
1707980733972 0.3329882025718689 8
1707980734585 0.3283713757991791 9
1707980735205 0.32288748025894165 10
1707980735805 0.3188638389110565 11
1707980736405 0.3166695535182953 12
1707980737003 0.3142780363559723 13
1707980737650 0.31337523460388184 14
1707980738274 0.31278470158576965 15
1707980738899 0.31115999817848206 16
1707980739531 0.31156474351882935 17
