1707977975066 0.10729999840259552 0
1707977975955 0.3668999969959259 1
1707977976915 0.4578000009059906 2
1707977977869 0.6496999859809875 3
1707977978842 0.7967000007629395 4
1707977979815 0.8833000063896179 5
1707977980726 0.9108999967575073 6
1707977981649 0.926800012588501 7
1707977982477 0.935699999332428 8
1707977983327 0.9448999762535095 9
1707977984253 0.9509000182151794 10
1707977985141 0.9559000134468079 11
1707977986015 0.9627000093460083 12
1707977986833 0.9646000266075134 13
1707977987642 0.9688000082969666 14
1707977988533 0.9722999930381775 15
1707977989357 0.9763000011444092 16
1707977990138 0.9776999950408936 17
1707977990943 0.9793999791145325 18
1707977991732 0.9824000000953674 19
1707977992580 0.982699990272522 20
1707977993388 0.9855999946594238 21
1707977994186 0.9872999787330627 22
1707977995003 0.987500011920929 23
1707977995935 0.9886999726295471 24
1707977996774 0.9890999794006348 25
1707977997571 0.9889000058174133 26
1707977998419 0.9918000102043152 27
1707977999333 0.9914000034332275 28
1707978000232 0.9908000230789185 29
1707978001100 0.9925000071525574 30
1707978001906 0.9934999942779541 31
1707978002700 0.993399977684021 32
1707978003679 0.9929999709129333 33
1707978004666 0.9933000206947327 34
1707978005559 0.9937000274658203 35
1707978006516 0.994700014591217 36
1707978007455 0.9947999715805054 37
1707978008285 0.9944000244140625 38
1707978009170 0.9943000078201294 39
1707978009966 0.9957000017166138 40
1707978010883 0.9955999851226807 41
1707978011869 0.9955000281333923 42
1707978012857 0.9955999851226807 43
1707978013780 0.9950000047683716 44
1707978014641 0.9955000281333923 45
1707978015550 0.9962000250816345 46
1707978016530 0.9966999888420105 47
1707978017505 0.9966999888420105 48
1707978018490 0.9969000220298767 49
1707978019430 0.9966999888420105 50
1707978020327 0.9973999857902527 51
1707978021127 0.9977999925613403 52
1707978021889 0.996399998664856 53
1707978022674 0.9976000189781189 54
1707978023475 0.996999979019165 55
1707978024290 0.9977999925613403 56
1707978025084 0.9975000023841858 57
1707978025947 0.9977999925613403 58
1707978026875 0.9984999895095825 59
1707978027778 0.998199999332428 60
1707978028619 0.9975000023841858 61
1707978029543 0.9976999759674072 62
1707978030477 0.9984999895095825 63
1707978031327 0.9983000159263611 64
1707978032233 0.9976999759674072 65
1707978033053 0.9983000159263611 66
1707978033906 0.9984999895095825 67
1707978034817 0.9986000061035156 68
1707978035630 0.9984999895095825 69
1707978036462 0.9983000159263611 70
1707978037467 0.9988999962806702 71
1707978038400 0.9984999895095825 72
1707978039230 0.9979000091552734 73
1707978040201 0.9983000159263611 74
1707978041164 0.9984999895095825 75
1707978042128 0.9984999895095825 76
1707978043029 0.9980999827384949 77
1707978043811 0.9990000128746033 78
1707978044740 0.9991999864578247 79
1707978045631 0.9983999729156494 80
1707978046681 0.9988999962806702 81
1707978047600 0.9987000226974487 82
1707978048478 0.9987000226974487 83
1707978049671 0.9975000023841858 84
1707978050572 0.9988999962806702 85
1707978051461 0.9987999796867371 86
1707978052310 0.9991000294685364 87
1707978053151 0.9987999796867371 88
1707978054737 0.9976000189781189 89
1707978055479 0.9984999895095825 90
1707978056493 0.9986000061035156 91
1707978058130 0.9991000294685364 92
1707978059023 0.9988999962806702 93
1707978060432 0.9988999962806702 94
1707978061635 0.9990000128746033 95
1707978062687 0.9984999895095825 96
1707978063889 0.9987999796867371 97
1707978065011 0.9987999796867371 98
1707978065861 0.9991000294685364 99
1707978066747 0.9994000196456909 100
1707978067684 0.9990000128746033 101
1707978068705 0.9991000294685364 102
1707978069827 0.9984999895095825 103
1707978070805 0.9993000030517578 104
1707978071669 0.9987999796867371 105
1707978072587 0.9980000257492065 106
1707978073429 0.9983999729156494 107
1707978074306 0.9994000196456909 108
1707978075184 0.9994999766349792 109
1707978076056 0.9975000023841858 110
1707978076900 0.9991000294685364 111
1707978077766 0.9991000294685364 112
1707978078701 0.9994999766349792 113
1707978079523 0.9984999895095825 114
1707978080353 0.9990000128746033 115
1707978081185 0.9987000226974487 116
1707978082013 0.9987000226974487 117
1707978082939 0.9994000196456909 118
1707978083874 0.9990000128746033 119
1707978084753 0.9991999864578247 120
1707978085572 0.9994000196456909 121
1707978086593 0.9984999895095825 122
1707978087524 0.9993000030517578 123
1707978088459 0.9990000128746033 124
1707978089546 0.9995999932289124 125
1707978090561 0.9993000030517578 126
1707978091453 0.9988999962806702 127
1707978092619 0.9990000128746033 128
1707978093831 0.9991000294685364 129
1707978094627 0.9987000226974487 130
1707978095532 0.9991999864578247 131
1707978096433 0.9987999796867371 132
1707978097298 0.9987999796867371 133
1707978098233 0.9991999864578247 134
1707978099151 0.9993000030517578 135
1707978100053 0.9991999864578247 136
1707978100904 0.9994000196456909 137
1707978101710 0.9991000294685364 138
1707978102534 0.9994000196456909 139
1707978103342 0.9994999766349792 140
1707978104234 0.9991000294685364 141
1707978105142 0.9991999864578247 142
1707978105960 0.9990000128746033 143
1707978106836 0.9994999766349792 144
1707978107761 0.9997000098228455 145
1707978108609 0.9986000061035156 146
1707978109474 0.9994000196456909 147
1707978110285 0.9994000196456909 148
1707978111119 0.9991999864578247 149
1707978111976 0.9991999864578247 150
1707978112881 0.9991000294685364 151
1707978113739 0.9993000030517578 152
1707978114581 0.9993000030517578 153
1707978115408 0.9993000030517578 154
1707978116372 0.9987000226974487 155
1707978117262 0.9994000196456909 156
1707978118133 0.9995999932289124 157
1707978119081 0.9988999962806702 158
1707978119947 0.9994000196456909 159
1707978120987 0.9994999766349792 160
1707978121912 0.9994000196456909 161
1707978122760 0.9995999932289124 162
1707978123674 0.9994000196456909 163
1707978124661 0.9988999962806702 164
1707978125561 0.9995999932289124 165
1707978126530 0.9997000098228455 166
1707978127541 0.9993000030517578 167
1707978128459 0.9991000294685364 168
1707978129308 0.9991000294685364 169
1707978130210 0.9993000030517578 170
1707978131088 0.9991000294685364 171
1707978131935 0.9987000226974487 172
1707978132834 0.9995999932289124 173
1707978133730 0.9995999932289124 174
1707978134671 0.9991999864578247 175
1707978135506 0.9975000023841858 176
1707978136335 0.9993000030517578 177
1707978137175 0.9997000098228455 178
1707978137989 0.9990000128746033 179
1707978138951 0.9994000196456909 180
1707978139864 0.9998000264167786 181
1707978140786 0.998199999332428 182
1707978141743 0.9991999864578247 183
1707978142750 0.9993000030517578 184
1707978143688 0.9991999864578247 185
1707978144615 0.9987999796867371 186
1707978145495 0.9994999766349792 187
1707978146302 0.9994000196456909 188
1707978147171 0.9993000030517578 189
1707978148011 0.9995999932289124 190
1707978148842 0.9994000196456909 191
1707978149679 0.9994999766349792 192
1707978150504 0.9994999766349792 193
1707978151340 0.9990000128746033 194
1707978152160 0.9994999766349792 195
1707978152968 0.9994000196456909 196
1707978153836 0.9990000128746033 197
1707978154784 0.9995999932289124 198
1707978155775 0.9987999796867371 199
1707978156656 0.9993000030517578 200
1707978157497 0.9994999766349792 201
1707978158344 0.9994000196456909 202
1707978159188 0.9998000264167786 203
1707978160009 0.9990000128746033 204
1707978160891 0.9993000030517578 205
1707978161848 0.9994000196456909 206
1707978162721 0.9994999766349792 207
1707978163600 0.9994999766349792 208
1707978164429 0.9994000196456909 209
1707978165282 0.9994000196456909 210
1707978166102 0.9991999864578247 211
1707978166942 0.9993000030517578 212
1707978167807 0.9991000294685364 213
1707978168689 0.9993000030517578 214
1707978169654 0.9991000294685364 215
1707978170475 0.9993000030517578 216
1707978171300 0.9995999932289124 217
1707978172222 0.9994000196456909 218
1707978173147 0.9984999895095825 219
1707978173984 0.9994000196456909 220
1707978174810 0.9998999834060669 221
1707978175667 0.9997000098228455 222
1707978176492 0.9997000098228455 223
1707978177325 0.9991999864578247 224
1707978178255 0.9994999766349792 225
1707978179224 0.9993000030517578 226
1707978180074 0.9990000128746033 227
1707978180915 0.9995999932289124 228
1707978181770 0.9986000061035156 229
1707978182613 0.9987000226974487 230
1707978183467 0.9998000264167786 231
1707978184305 0.9991000294685364 232
1707978185195 0.9986000061035156 233
1707978186071 0.9987999796867371 234
1707978186921 0.9993000030517578 235
1707978187797 0.9995999932289124 236
1707978188715 0.9994999766349792 237
1707978189642 0.9994999766349792 238
1707978190632 0.9995999932289124 239
1707978191602 0.9993000030517578 240
1707978192505 0.9993000030517578 241
1707978193420 0.9991999864578247 242
1707978194554 0.9998000264167786 243
1707978195602 0.9995999932289124 244
1707978196638 0.9993000030517578 245
1707978198812 0.9986000061035156 246
1707978199545 0.9991999864578247 247
1707978200340 0.9995999932289124 248
1707978201182 0.9995999932289124 249
1707978202092 0.9991000294685364 250
1707978202912 0.9998999834060669 251
1707978203742 0.9987000226974487 252
1707978204720 0.9994000196456909 253
1707978205708 0.9994000196456909 254
1707978206509 0.9991000294685364 255
1707978207673 0.9997000098228455 256
1707978208621 0.9994000196456909 257
1707978209545 0.9991999864578247 258
1707978210397 0.9997000098228455 259
1707978211198 0.9998000264167786 260
1707978212074 0.9995999932289124 261
1707978213180 0.9993000030517578 262
1707978214185 0.9991999864578247 263
1707978215057 0.9993000030517578 264
1707978215833 0.9994999766349792 265
1707978216624 0.9994999766349792 266
1707978217427 0.9994000196456909 267
1707978218330 0.9993000030517578 268
1707978219229 0.9994999766349792 269
1707978220023 0.9988999962806702 270
1707978220821 0.9997000098228455 271
1707978221652 0.9991999864578247 272
1707978222669 0.9993000030517578 273
1707978223701 0.9994999766349792 274
1707978224588 0.9991999864578247 275
1707978225449 0.9997000098228455 276
1707978226402 0.9993000030517578 277
1707978227322 0.9997000098228455 278
1707978228238 0.9990000128746033 279
1707978229210 0.9998000264167786 280
1707978230177 0.9997000098228455 281
1707978231144 0.998199999332428 282
1707978232058 0.9995999932289124 283
1707978232922 0.9995999932289124 284
1707978233726 0.9997000098228455 285
1707978234545 0.9994000196456909 286
1707978235352 0.9994999766349792 287
1707978236201 0.9998999834060669 288
1707978237106 0.9997000098228455 289
1707978238009 0.9997000098228455 290
1707978238939 0.9987999796867371 291
1707978239816 0.9991000294685364 292
1707978240708 0.9994999766349792 293
1707978241597 0.9998999834060669 294
1707978242564 0.9994000196456909 295
1707978243546 0.9991000294685364 296
1707978244412 0.9987999796867371 297
1707978245241 0.9993000030517578 298
1707978246131 0.9994999766349792 299
