1707977975066 0.5065268278121948 0
1707977975955 0.3555886745452881 1
1707977976915 0.31088966131210327 2
1707977977869 0.2746242880821228 3
1707977978842 0.2375982403755188 4
1707977979815 0.20528119802474976 5
1707977980726 0.1785179078578949 6
1707977981649 0.15634050965309143 7
1707977982477 0.1385752111673355 8
1707977983327 0.1236199215054512 9
1707977984253 0.11181480437517166 10
1707977985141 0.10185828804969788 11
1707977986015 0.09370081126689911 12
1707977986833 0.08769319951534271 13
1707977987642 0.08236560225486755 14
1707977988533 0.07800838351249695 15
1707977989357 0.07434407621622086 16
1707977990138 0.07160233706235886 17
1707977990943 0.06943672150373459 18
1707977991732 0.06701493263244629 19
1707977992580 0.0659126415848732 20
1707977993388 0.0641343891620636 21
1707977994186 0.06290366500616074 22
1707977995003 0.06220575049519539 23
1707977995935 0.06148536875844002 24
1707977996774 0.060653600841760635 25
1707977997571 0.060453858226537704 26
1707977998419 0.059576068073511124 27
1707977999333 0.0591798834502697 28
1707978000232 0.05916907265782356 29
1707978001100 0.05823599174618721 30
1707978001906 0.05755285173654556 31
1707978002700 0.05746092647314072 32
1707978003679 0.05737970396876335 33
1707978004666 0.057411614805459976 34
1707978005559 0.056600555777549744 35
1707978006516 0.05642041191458702 36
1707978007455 0.05598778650164604 37
1707978008285 0.056058503687381744 38
1707978009170 0.056235961616039276 39
1707978009966 0.05515799671411514 40
1707978010883 0.055438537150621414 41
1707978011869 0.05505812540650368 42
1707978012857 0.055092643946409225 43
1707978013780 0.05517230182886124 44
1707978014641 0.05461342632770538 45
1707978015550 0.054449018090963364 46
1707978016530 0.05398769676685333 47
1707978017505 0.05395613983273506 48
1707978018490 0.053948674350976944 49
1707978019430 0.05369611084461212 50
1707978020327 0.053564850240945816 51
1707978021127 0.05329439789056778 52
1707978021889 0.05364364758133888 53
1707978022674 0.05317964032292366 54
1707978023475 0.053165361285209656 55
1707978024290 0.05283166468143463 56
1707978025084 0.052930332720279694 57
1707978025947 0.052882689982652664 58
1707978026875 0.05233220383524895 59
1707978027778 0.05275830253958702 60
1707978028619 0.05268543213605881 61
1707978029543 0.05258569493889809 62
1707978030477 0.051941193640232086 63
1707978031327 0.052030064165592194 64
1707978032233 0.05256398767232895 65
1707978033053 0.05198380723595619 66
1707978033906 0.05174345523118973 67
1707978034817 0.051612526178359985 68
1707978035630 0.05189571529626846 69
1707978036462 0.05160076171159744 70
1707978037467 0.05143016204237938 71
1707978038400 0.05154728889465332 72
1707978039230 0.05161923170089722 73
1707978040201 0.051630113273859024 74
1707978041164 0.051390141248703 75
1707978042128 0.051525507122278214 76
1707978043029 0.051788825541734695 77
1707978043811 0.0508725568652153 78
1707978044740 0.05083432421088219 79
1707978045631 0.051203858107328415 80
1707978046681 0.05095323920249939 81
1707978047600 0.05109971761703491 82
1707978048478 0.05106960982084274 83
1707978049671 0.0515323169529438 84
1707978050572 0.05094076320528984 85
1707978051461 0.05092989653348923 86
1707978052310 0.05043172463774681 87
1707978053151 0.0507347397506237 88
1707978054737 0.05115223303437233 89
1707978055479 0.05093581974506378 90
1707978056493 0.05072217062115669 91
1707978058130 0.050574250519275665 92
1707978059023 0.05052335932850838 93
1707978060432 0.05056159943342209 94
1707978061635 0.050465673208236694 95
1707978062687 0.05054691061377525 96
1707978063889 0.050546739250421524 97
1707978065011 0.05056039243936539 98
1707978065861 0.05053787678480148 99
1707978066747 0.0502181351184845 100
1707978067684 0.05018734559416771 101
1707978068705 0.05022662132978439 102
1707978069827 0.05062653496861458 103
1707978070805 0.0500999353826046 104
1707978071669 0.05026763677597046 105
1707978072587 0.05050245672464371 106
1707978073429 0.05042841657996178 107
1707978074306 0.04989062622189522 108
1707978075184 0.049787309020757675 109
1707978076056 0.05055577680468559 110
1707978076900 0.05015825107693672 111
1707978077766 0.049970824271440506 112
1707978078701 0.049847736954689026 113
1707978079523 0.050265513360500336 114
1707978080353 0.04999719187617302 115
1707978081185 0.050138551741838455 116
1707978082013 0.05006105825304985 117
1707978082939 0.04980029538273811 118
1707978083874 0.04988639056682587 119
1707978084753 0.049805086106061935 120
1707978085572 0.04952814057469368 121
1707978086593 0.050208479166030884 122
1707978087524 0.04976329207420349 123
1707978088459 0.04973797872662544 124
1707978089546 0.04969942197203636 125
1707978090561 0.04950419440865517 126
1707978091453 0.04972858726978302 127
1707978092619 0.04977574571967125 128
1707978093831 0.04955017939209938 129
1707978094627 0.049570705741643906 130
1707978095532 0.049548983573913574 131
1707978096433 0.04982307553291321 132
1707978097298 0.04992994666099548 133
1707978098233 0.049716152250766754 134
1707978099151 0.049419961869716644 135
1707978100053 0.04938133433461189 136
1707978100904 0.04932522028684616 137
1707978101710 0.049380265176296234 138
1707978102534 0.0491713285446167 139
1707978103342 0.04936809092760086 140
1707978104234 0.049822401255369186 141
1707978105142 0.049565769731998444 142
1707978105960 0.049296218901872635 143
1707978106836 0.049094781279563904 144
1707978107761 0.049147188663482666 145
1707978108609 0.049565523862838745 146
1707978109474 0.04933596029877663 147
1707978110285 0.04908967763185501 148
1707978111119 0.04916772618889809 149
1707978111976 0.04934180527925491 150
1707978112881 0.04931127279996872 151
1707978113739 0.04905009642243385 152
1707978114581 0.049023713916540146 153
1707978115408 0.04900466650724411 154
1707978116372 0.04921652376651764 155
1707978117262 0.04896554723381996 156
1707978118133 0.04884079098701477 157
1707978119081 0.04914935678243637 158
1707978119947 0.049463044852018356 159
1707978120987 0.04879656806588173 160
1707978121912 0.04909750446677208 161
1707978122760 0.04870747774839401 162
1707978123674 0.0490163154900074 163
1707978124661 0.04941616207361221 164
1707978125561 0.04877832159399986 165
1707978126530 0.048629745841026306 166
1707978127541 0.04898403212428093 167
1707978128459 0.048803962767124176 168
1707978129308 0.04874802380800247 169
1707978130210 0.04889671131968498 170
1707978131088 0.04884698987007141 171
1707978131935 0.04893660545349121 172
1707978132834 0.048633135855197906 173
1707978133730 0.04855533689260483 174
1707978134671 0.04879617318511009 175
1707978135506 0.04988933354616165 176
1707978136335 0.04853593185544014 177
1707978137175 0.04828447103500366 178
1707978137989 0.049023665487766266 179
1707978138951 0.048735350370407104 180
1707978139864 0.04857734963297844 181
1707978140786 0.04955167695879936 182
1707978141743 0.048923905938863754 183
1707978142750 0.04857771843671799 184
1707978143688 0.0485871396958828 185
1707978144615 0.04876384884119034 186
1707978145495 0.048840783536434174 187
1707978146302 0.04843204468488693 188
1707978147171 0.04872456192970276 189
1707978148011 0.04842519387602806 190
1707978148842 0.04882919788360596 191
1707978149679 0.04871467128396034 192
1707978150504 0.04852966219186783 193
1707978151340 0.048968274146318436 194
1707978152160 0.04822796210646629 195
1707978152968 0.048302486538887024 196
1707978153836 0.048726484179496765 197
1707978154784 0.048369698226451874 198
1707978155775 0.04875924810767174 199
1707978156656 0.04886845126748085 200
1707978157497 0.04831813648343086 201
1707978158344 0.04828636348247528 202
1707978159188 0.0482545830309391 203
1707978160009 0.04853234067559242 204
1707978160891 0.048571549355983734 205
1707978161848 0.04838790372014046 206
1707978162721 0.04846326634287834 207
1707978163600 0.04834210127592087 208
1707978164429 0.04834185540676117 209
1707978165282 0.048499349504709244 210
1707978166102 0.04840352013707161 211
1707978166942 0.048435285687446594 212
1707978167807 0.048607971519231796 213
1707978168689 0.048317596316337585 214
1707978169654 0.0488525852560997 215
1707978170475 0.04823940619826317 216
1707978171300 0.04824625700712204 217
1707978172222 0.04826974868774414 218
1707978173147 0.0489354133605957 219
1707978173984 0.04830900579690933 220
1707978174810 0.04797409474849701 221
1707978175667 0.04792198911309242 222
1707978176492 0.04818219691514969 223
1707978177325 0.04855837672948837 224
1707978178255 0.048184920102357864 225
1707978179224 0.048157330602407455 226
1707978180074 0.04861113056540489 227
1707978180915 0.048128265887498856 228
1707978181770 0.04855480417609215 229
1707978182613 0.04867730289697647 230
1707978183467 0.04802095890045166 231
1707978184305 0.04811195284128189 232
1707978185195 0.048739418387413025 233
1707978186071 0.048548873513936996 234
1707978186921 0.04824777692556381 235
1707978187797 0.048025038093328476 236
1707978188715 0.04812849313020706 237
1707978189642 0.048081133514642715 238
1707978190632 0.04822130128741264 239
1707978191602 0.04830670356750488 240
1707978192505 0.04805770888924599 241
1707978193420 0.0480288565158844 242
1707978194554 0.048010844737291336 243
1707978195602 0.04793350026011467 244
1707978196638 0.048336490988731384 245
1707978198812 0.04863930493593216 246
1707978199545 0.048346541821956635 247
1707978200340 0.04805535823106766 248
1707978201182 0.04808191582560539 249
1707978202092 0.04851902276277542 250
1707978202912 0.04792053997516632 251
1707978203742 0.04847491532564163 252
1707978204720 0.048282191157341 253
1707978205708 0.04789898544549942 254
1707978206509 0.0481051541864872 255
1707978207673 0.04804702475667 256
1707978208621 0.048000533133745193 257
1707978209545 0.04834439232945442 258
1707978210397 0.04793347045779228 259
1707978211198 0.047907959669828415 260
1707978212074 0.04794733226299286 261
1707978213180 0.04837026819586754 262
1707978214185 0.04818592593073845 263
1707978215057 0.04809591546654701 264
1707978215833 0.04792587086558342 265
1707978216624 0.047985732555389404 266
1707978217427 0.04820431396365166 267
1707978218330 0.04817591980099678 268
1707978219229 0.047976959496736526 269
1707978220023 0.04822773486375809 270
1707978220821 0.047872547060251236 271
1707978221652 0.048181965947151184 272
1707978222669 0.04814792424440384 273
1707978223701 0.04795772209763527 274
1707978224588 0.04807767644524574 275
1707978225449 0.04776875302195549 276
1707978226402 0.04806515574455261 277
1707978227322 0.04788452014327049 278
1707978228238 0.04840436950325966 279
1707978229210 0.04770657420158386 280
1707978230177 0.047775138169527054 281
1707978231144 0.048378538340330124 282
1707978232058 0.047889139503240585 283
1707978232922 0.04773620888590813 284
1707978233726 0.047761134803295135 285
1707978234545 0.04816408455371857 286
1707978235352 0.04796580597758293 287
1707978236201 0.0476093664765358 288
1707978237106 0.047772590070962906 289
1707978238009 0.047726016491651535 290
1707978238939 0.04841195419430733 291
1707978239816 0.048147208988666534 292
1707978240708 0.048061784356832504 293
1707978241597 0.04768388718366623 294
1707978242564 0.047852110117673874 295
1707978243546 0.04808392375707626 296
1707978244412 0.04829448089003563 297
1707978245241 0.047949377447366714 298
1707978246131 0.0479222871363163 299
