1707782694923 0.12240000069141388 0
1707782695415 0.30250000953674316 1
1707782695902 0.5644999742507935 2
1707782696389 0.7128000259399414 3
1707782696875 0.8346999883651733 4
1707782697359 0.8924999833106995 5
1707782697840 0.9161999821662903 6
1707782698312 0.9333999752998352 7
1707782698796 0.944100022315979 8
1707782699284 0.9513000249862671 9
1707782699765 0.9588000178337097 10
1707782700263 0.9653000235557556 11
1707782700757 0.968500018119812 12
1707782701257 0.9731000065803528 13
1707782701740 0.9767000079154968 14
1707782702220 0.9807999730110168 15
1707782702714 0.9829999804496765 16
1707782703195 0.9846000075340271 17
1707782703676 0.9866999983787537 18
1707782704165 0.9882000088691711 19
1707782704645 0.9901000261306763 20
1707782705131 0.9905999898910522 21
1707782705609 0.991599977016449 22
1707782706092 0.9926000237464905 23
1707782706578 0.9930999875068665 24
1707782707062 0.9934999942779541 25
1707782707551 0.9944999814033508 26
1707782708035 0.995199978351593 27
1707782708511 0.9954000115394592 28
1707782709000 0.9959999918937683 29
1707782709480 0.9965999722480774 30
1707782709964 0.9965999722480774 31
1707782710439 0.9948999881744385 32
1707782710914 0.9976000189781189 33
1707782711390 0.9976000189781189 34
1707782711878 0.9983000159263611 35
1707782712361 0.9976000189781189 36
1707782712840 0.9986000061035156 37
1707782713320 0.9980000257492065 38
1707782713805 0.996399998664856 39
1707782714285 0.9977999925613403 40
1707782714763 0.998199999332428 41
1707782715245 0.9987999796867371 42
1707782715725 0.9988999962806702 43
1707782716210 0.9983999729156494 44
1707782716693 0.9976000189781189 45
1707782717172 0.9991999864578247 46
1707782717648 0.9994000196456909 47
1707782718137 0.9994999766349792 48
1707782718617 0.9991999864578247 49
1707782719100 0.9962999820709229 50
1707782719587 0.9991000294685364 51
1707782720069 0.9994999766349792 52
1707782720549 0.9994999766349792 53
1707782721155 0.9994999766349792 54
1707782721640 0.9994999766349792 55
1707782722180 0.9988999962806702 56
1707782722680 0.996999979019165 57
1707782723164 0.9987000226974487 58
1707782723654 0.9990000128746033 59
1707782724139 0.9994000196456909 60
1707782724620 0.9994999766349792 61
1707782725107 0.9994999766349792 62
1707782725592 0.9994999766349792 63
1707782726077 0.9991000294685364 64
1707782726559 0.9959999918937683 65
1707782727043 0.9980000257492065 66
1707782727536 0.9994999766349792 67
1707782728028 0.9994999766349792 68
1707782728514 0.9994000196456909 69
1707782728995 0.9979000091552734 70
1707782729473 0.9979000091552734 71
1707782729961 0.9993000030517578 72
1707782730450 0.9998000264167786 73
1707782730935 0.9998000264167786 74
1707782731417 0.9998000264167786 75
1707782731906 0.9998000264167786 76
1707782732392 0.9998000264167786 77
1707782732878 0.9998000264167786 78
1707782733361 0.9998000264167786 79
1707782733853 0.9988999962806702 80
1707782734337 0.9988999962806702 81
1707782734817 0.9994999766349792 82
1707782735296 0.9988999962806702 83
1707782735790 0.9997000098228455 84
1707782736270 0.9998000264167786 85
1707782736749 0.9998999834060669 86
1707782737237 0.9998999834060669 87
1707782737722 0.9998999834060669 88
1707782738204 0.9998999834060669 89
1707782738688 0.996999979019165 90
1707782739179 0.9987999796867371 91
1707782739662 0.9991999864578247 92
1707782740158 0.9998000264167786 93
1707782740646 0.9998999834060669 94
1707782741130 0.9998999834060669 95
1707782741608 0.9998999834060669 96
1707782742095 0.9998999834060669 97
1707782742585 0.9998999834060669 98
1707782743059 0.9997000098228455 99
1707782743539 0.9984999895095825 100
1707782744033 0.9990000128746033 101
1707782744517 0.9994000196456909 102
1707782745001 0.9998999834060669 103
1707782745485 0.9998999834060669 104
1707782746010 0.9998999834060669 105
1707782746500 0.9998999834060669 106
1707782746989 0.9998999834060669 107
1707782747469 0.9998999834060669 108
1707782747958 0.9998999834060669 109
1707782748444 0.9998999834060669 110
1707782748922 0.9970999956130981 111
1707782749409 0.9990000128746033 112
1707782749883 0.9998999834060669 113
1707782750377 0.9998000264167786 114
1707782750867 0.9998999834060669 115
1707782751359 0.9998999834060669 116
1707782751848 0.9998999834060669 117
1707782752342 0.9998999834060669 118
1707782752829 0.9998999834060669 119
1707782753307 0.9998999834060669 120
1707782753793 0.9973999857902527 121
1707782754280 0.9975000023841858 122
1707782754765 0.9990000128746033 123
1707782755240 0.9998999834060669 124
1707782755719 0.9998999834060669 125
1707782756203 0.9998999834060669 126
1707782756692 0.9998999834060669 127
1707782757175 0.9998999834060669 128
1707782757655 0.9998999834060669 129
1707782758153 0.9998999834060669 130
1707782758636 0.9998999834060669 131
1707782759126 0.9998999834060669 132
1707782759607 0.9998999834060669 133
1707782760116 0.9998999834060669 134
1707782760605 0.9990000128746033 135
1707782761095 0.9987999796867371 136
1707782761583 0.9993000030517578 137
1707782762068 0.9995999932289124 138
1707782762553 0.9995999932289124 139
1707782763029 0.9991000294685364 140
1707782763516 0.9997000098228455 141
1707782763998 0.9998999834060669 142
1707782764484 0.9998999834060669 143
1707782764970 0.9998999834060669 144
1707782765454 0.9998999834060669 145
1707782765938 0.9998000264167786 146
1707782766431 0.9973999857902527 147
1707782766923 0.9998000264167786 148
1707782767400 0.9995999932289124 149
1707782767890 0.9998999834060669 150
1707782768368 0.9998999834060669 151
1707782768848 0.9998999834060669 152
1707782769332 0.9998000264167786 153
1707782769817 0.9987999796867371 154
1707782770310 0.9997000098228455 155
1707782770794 0.9993000030517578 156
1707782771279 0.9998000264167786 157
1707782771767 0.9991000294685364 158
1707782772252 0.9990000128746033 159
1707782772735 0.9994000196456909 160
1707782773223 0.9998999834060669 161
1707782773715 1.0 162
1707782774203 1.0 163
1707782774699 1.0 164
1707782775197 1.0 165
1707782775686 1.0 166
1707782776178 1.0 167
1707782776673 1.0 168
1707782777167 0.9994999766349792 169
1707782777664 0.9983000159263611 170
1707782778157 0.9977999925613403 171
1707782778658 0.9990000128746033 172
1707782779145 0.9998999834060669 173
1707782779634 1.0 174
1707782780120 1.0 175
1707782780617 1.0 176
1707782781110 1.0 177
1707782781602 1.0 178
1707782782088 1.0 179
1707782782580 1.0 180
1707782783075 1.0 181
1707782783564 1.0 182
1707782784052 1.0 183
1707782784538 1.0 184
1707782785024 1.0 185
1707782785500 0.9980000257492065 186
1707782785989 0.9987000226974487 187
1707782786466 0.9995999932289124 188
1707782786960 1.0 189
1707782787444 1.0 190
1707782787930 1.0 191
1707782788412 1.0 192
1707782788895 1.0 193
1707782789377 1.0 194
1707782789861 1.0 195
1707782790352 1.0 196
1707782790840 1.0 197
1707782791326 1.0 198
1707782791813 1.0 199
1707782792316 1.0 200
1707782792802 1.0 201
1707782793294 1.0 202
1707782793783 1.0 203
1707782794265 1.0 204
1707782794752 1.0 205
1707782795238 1.0 206
1707782795725 1.0 207
1707782796209 0.9998000264167786 208
1707782796700 0.9986000061035156 209
1707782797190 1.0 210
1707782797674 0.9998999834060669 211
1707782798158 1.0 212
1707782798635 1.0 213
1707782799124 1.0 214
1707782799609 1.0 215
1707782800100 1.0 216
1707782800579 1.0 217
1707782801062 1.0 218
1707782801545 1.0 219
1707782802038 1.0 220
1707782802517 1.0 221
1707782803003 1.0 222
1707782803483 1.0 223
1707782803971 1.0 224
1707782804458 1.0 225
1707782804946 1.0 226
1707782805428 1.0 227
1707782805915 1.0 228
1707782806393 1.0 229
1707782806880 1.0 230
1707782807358 1.0 231
1707782807837 1.0 232
1707782808318 1.0 233
1707782808801 1.0 234
1707782809283 0.9998000264167786 235
1707782809768 0.9973000288009644 236
1707782810246 0.9995999932289124 237
1707782810734 1.0 238
1707782811221 1.0 239
1707782811703 1.0 240
1707782812189 1.0 241
1707782812672 1.0 242
1707782813160 1.0 243
1707782813643 1.0 244
1707782814136 1.0 245
1707782814619 1.0 246
1707782815104 1.0 247
1707782815579 1.0 248
1707782816064 1.0 249
1707782816546 1.0 250
1707782817031 1.0 251
1707782817502 1.0 252
1707782817977 1.0 253
1707782818461 1.0 254
1707782818948 1.0 255
1707782819434 1.0 256
1707782819926 1.0 257
1707782820420 1.0 258
1707782820923 1.0 259
1707782821404 1.0 260
1707782821881 0.9991999864578247 261
1707782822365 0.998199999332428 262
1707782822847 0.9994999766349792 263
1707782823330 1.0 264
1707782823816 1.0 265
1707782824300 1.0 266
1707782824777 1.0 267
1707782825256 1.0 268
1707782825739 1.0 269
1707782826218 1.0 270
1707782826708 1.0 271
1707782827314 1.0 272
1707782827836 1.0 273
1707782828330 1.0 274
1707782828818 1.0 275
1707782829303 1.0 276
1707782829789 1.0 277
1707782830274 1.0 278
1707782830769 1.0 279
1707782831259 1.0 280
1707782831740 1.0 281
1707782832228 1.0 282
1707782832706 1.0 283
1707782833192 1.0 284
1707782833672 1.0 285
1707782834166 1.0 286
1707782834645 1.0 287
1707782835131 1.0 288
1707782835615 0.9991999864578247 289
1707782836108 0.9976999759674072 290
1707782836590 0.9997000098228455 291
1707782837078 0.9998999834060669 292
1707782837562 1.0 293
1707782838049 1.0 294
1707782838544 1.0 295
1707782839030 1.0 296
1707782839517 1.0 297
1707782840005 1.0 298
1707782840490 1.0 299
