1707782694923 0.407145619392395 0
1707782695415 0.3059172034263611 1
1707782695902 0.2683045268058777 2
1707782696389 0.2346401810646057 3
1707782696875 0.2030322551727295 4
1707782697359 0.17326709628105164 5
1707782697840 0.14616544544696808 6
1707782698312 0.1223050206899643 7
1707782698796 0.10212063789367676 8
1707782699284 0.08568527549505234 9
1707782699765 0.07199658453464508 10
1707782700263 0.060585975646972656 11
1707782700757 0.05130947753787041 12
1707782701257 0.043261900544166565 13
1707782701740 0.03647493198513985 14
1707782702220 0.03114212304353714 15
1707782702714 0.026594851166009903 16
1707782703195 0.02288367785513401 17
1707782703676 0.019476268440485 18
1707782704165 0.01671498641371727 19
1707782704645 0.014520659111440182 20
1707782705131 0.013122281059622765 21
1707782705609 0.011144766584038734 22
1707782706092 0.009763737209141254 23
1707782706578 0.008764519356191158 24
1707782707062 0.007945156656205654 25
1707782707551 0.007155989296734333 26
1707782708035 0.006127727683633566 27
1707782708511 0.006112752016633749 28
1707782709000 0.005506859160959721 29
1707782709480 0.004686136730015278 30
1707782709964 0.0043842303566634655 31
1707782710439 0.005244068335741758 32
1707782710914 0.0036236264277249575 33
1707782711390 0.0032761963084340096 34
1707782711878 0.0030397207010537386 35
1707782712361 0.0030863734427839518 36
1707782712840 0.002680116565898061 37
1707782713320 0.0028304753359407187 38
1707782713805 0.0034526633098721504 39
1707782714285 0.0026863401290029287 40
1707782714763 0.0023129284381866455 41
1707782715245 0.001816828502342105 42
1707782715725 0.0017618373967707157 43
1707782716210 0.002070884220302105 44
1707782716693 0.0023287255316972733 45
1707782717172 0.0014486807631328702 46
1707782717648 0.0011214949190616608 47
1707782718137 0.0010416768491268158 48
1707782718617 0.0012456676922738552 49
1707782719100 0.002868675859645009 50
1707782719587 0.0011192995589226484 51
1707782720069 0.000915158074349165 52
1707782720549 0.0008456505020149052 53
1707782721155 0.0007993337349034846 54
1707782721640 0.0007733690435998142 55
1707782722180 0.0011761345667764544 56
1707782722680 0.0023922219406813383 57
1707782723164 0.0012811834458261728 58
1707782723654 0.001034896937198937 59
1707782724139 0.0008607154013589025 60
1707782724620 0.000704300997313112 61
1707782725107 0.0006656299810856581 62
1707782725592 0.0006307497387751937 63
1707782726077 0.0009816745296120644 64
1707782726559 0.0031478959135711193 65
1707782727043 0.0016780397854745388 66
1707782727536 0.0006321316468529403 67
1707782728028 0.0005773796001449227 68
1707782728514 0.000514838146045804 69
1707782728995 0.001372062717564404 70
1707782729473 0.0015523035544902086 71
1707782729961 0.000798021093942225 72
1707782730450 0.0004293344391044229 73
1707782730935 0.0004014236037619412 74
1707782731417 0.0003870762593578547 75
1707782731906 0.0003735542413778603 76
1707782732392 0.0003583173966035247 77
1707782732878 0.00034379438147880137 78
1707782733361 0.00032859653583727777 79
1707782733853 0.0008044139831326902 80
1707782734337 0.0011458074441179633 81
1707782734817 0.0006490427767857909 82
1707782735296 0.0008957700920291245 83
1707782735790 0.0003909037041012198 84
1707782736270 0.0003060367307625711 85
1707782736749 0.0002891960320994258 86
1707782737237 0.0002805459371302277 87
1707782737722 0.00027104062610305846 88
1707782738204 0.0002800125512294471 89
1707782738688 0.002613227115944028 90
1707782739179 0.000926439359318465 91
1707782739662 0.0007909138803370297 92
1707782740158 0.0002903315471485257 93
1707782740646 0.0002655471325851977 94
1707782741130 0.00025835467386059463 95
1707782741608 0.000251809018664062 96
1707782742095 0.00024565926287323236 97
1707782742585 0.00023969631001818925 98
1707782743059 0.0004819784080609679 99
1707782743539 0.001409926451742649 100
1707782744033 0.000965326966252178 101
1707782744517 0.0005864053382538259 102
1707782745001 0.00029127855668775737 103
1707782745485 0.00023657605925109237 104
1707782746010 0.00023017311468720436 105
1707782746500 0.00022499763872474432 106
1707782746989 0.00022147293202579021 107
1707782747469 0.00021683280647266656 108
1707782747958 0.00021295489568728954 109
1707782748444 0.00021310165175236762 110
1707782748922 0.001992965815588832 111
1707782749409 0.000861463719047606 112
1707782749883 0.00027334969490766525 113
1707782750377 0.00023697412689216435 114
1707782750867 0.00021115221898071468 115
1707782751359 0.0002075600204989314 116
1707782751848 0.00020466068235691637 117
1707782752342 0.00020207087800372392 118
1707782752829 0.00019919592887163162 119
1707782753307 0.00027120899176225066 120
1707782753793 0.0022155651822686195 121
1707782754280 0.0018037570407614112 122
1707782754765 0.0009003348532132804 123
1707782755240 0.00022417411673814058 124
1707782755719 0.00020309883984737098 125
1707782756203 0.00019898712344001979 126
1707782756692 0.00019644539861474186 127
1707782757175 0.00019449545652605593 128
1707782757655 0.00019198485824745148 129
1707782758153 0.00018938316497951746 130
1707782758636 0.0001877062750281766 131
1707782759126 0.00018479117716196924 132
1707782759607 0.0001818203745642677 133
1707782760116 0.0001793729461496696 134
1707782760605 0.0007290233043022454 135
1707782761095 0.0011536889942362905 136
1707782761583 0.0005787427653558552 137
1707782762068 0.0004921103827655315 138
1707782762553 0.00028497804305516183 139
1707782763029 0.0005695763393305242 140
1707782763516 0.00021881073189433664 141
1707782763998 0.0001002596109174192 142
1707782764484 8.117287507047877e-05 143
1707782764970 7.194117642939091e-05 144
1707782765454 6.635975296376273e-05 145
1707782765938 0.00011263755732215941 146
1707782766431 0.0020230000372976065 147
1707782766923 0.0002629412920214236 148
1707782767400 0.00037898190203122795 149
1707782767890 0.00010159968223888427 150
1707782768368 7.118813664419577e-05 151
1707782768848 7.194395584519953e-05 152
1707782769332 0.00018024735618382692 153
1707782769817 0.0011241217143833637 154
1707782770310 0.00016410663374699652 155
1707782770794 0.0005040301475673914 156
1707782771279 0.00014985502639319748 157
1707782771767 0.0007782950415275991 158
1707782772252 0.0006809413898736238 159
1707782772735 0.0005060487892478704 160
1707782773223 0.0001336777349933982 161
1707782773715 2.8407555873855017e-05 162
1707782774203 2.5705081498017535e-05 163
1707782774699 2.439768286421895e-05 164
1707782775197 2.3025084374239668e-05 165
1707782775686 2.128449887095485e-05 166
1707782776178 1.9309854906168766e-05 167
1707782776673 1.732267082843464e-05 168
1707782777167 0.00038354439311660826 169
1707782777664 0.0015084210317581892 170
1707782778157 0.0017980163684114814 171
1707782778658 0.0007551385788246989 172
1707782779145 9.516948921373114e-05 173
1707782779634 3.5959928936790675e-05 174
1707782780120 2.234014027635567e-05 175
1707782780617 1.777678517100867e-05 176
1707782781110 1.5776897271280177e-05 177
1707782781602 1.4814199857937638e-05 178
1707782782088 1.3802985449729022e-05 179
1707782782580 1.2805118785763625e-05 180
1707782783075 1.1722844647010788e-05 181
1707782783564 1.0686841960705351e-05 182
1707782784052 9.58489272306906e-06 183
1707782784538 8.604213689977769e-06 184
1707782785024 2.3157414034358226e-05 185
1707782785500 0.0019699684344232082 186
1707782785989 0.001112155383452773 187
1707782786466 0.000335405784426257 188
1707782786960 1.8251792425871827e-05 189
1707782787444 1.4191448826750275e-05 190
1707782787930 1.7235097402590327e-05 191
1707782788412 8.502582204528153e-06 192
1707782788895 7.848336281313095e-06 193
1707782789377 7.400579761451809e-06 194
1707782789861 7.004894541751128e-06 195
1707782790352 6.589576514670625e-06 196
1707782790840 6.174114787427243e-06 197
1707782791326 5.670246537192725e-06 198
1707782791813 5.165585662325611e-06 199
1707782792316 4.6579189074691385e-06 200
1707782792802 4.1157709347316995e-06 201
1707782793294 3.6172543786960887e-06 202
1707782793783 3.1493882488575764e-06 203
1707782794265 2.7227861210121773e-06 204
1707782794752 2.343531832593726e-06 205
1707782795238 2.013727907979046e-06 206
1707782795725 1.7229313016287051e-06 207
1707782796209 0.00016236536612268537 208
1707782796700 0.001316513167694211 209
1707782797190 2.5039113097591326e-05 210
1707782797674 0.00023543207498732954 211
1707782798158 3.630861556302989e-06 212
1707782798635 2.179315515604685e-06 213
1707782799124 1.9123951915389625e-06 214
1707782799609 1.7644235867919633e-06 215
1707782800100 1.6525650607945863e-06 216
1707782800579 1.5722533817097428e-06 217
1707782801062 1.4999525319581153e-06 218
1707782801545 1.4358811313286424e-06 219
1707782802038 1.3761173249804415e-06 220
1707782802517 1.3121766642143484e-06 221
1707782803003 1.24511166177399e-06 222
1707782803483 1.17159891033225e-06 223
1707782803971 1.0921484090431477e-06 224
1707782804458 1.0062733508675592e-06 225
1707782804946 9.178532991427346e-07 226
1707782805428 8.282869998765818e-07 227
1707782805915 7.403431823149731e-07 228
1707782806393 6.59470231312298e-07 229
1707782806880 5.862561920366716e-07 230
1707782807358 5.208060542827297e-07 231
1707782807837 4.620326308213407e-07 232
1707782808318 4.119079051179142e-07 233
1707782808801 3.7060991076032224e-07 234
1707782809283 0.00020218922873027623 235
1707782809768 0.0031692783813923597 236
1707782810246 0.0003025108017027378 237
1707782810734 3.505781705825939e-06 238
1707782811221 1.2438639487299952e-06 239
1707782811703 9.800754696698277e-07 240
1707782812189 8.448301969110616e-07 241
1707782812672 7.295834620890673e-07 242
1707782813160 6.394994329639303e-07 243
1707782813643 5.716899522667518e-07 244
1707782814136 5.173505996936001e-07 245
1707782814619 4.7675700898253126e-07 246
1707782815104 4.448702100035007e-07 247
1707782815579 4.177354355761054e-07 248
1707782816064 3.9459010281461815e-07 249
1707782816546 3.738441023415362e-07 250
1707782817031 3.548807114839292e-07 251
1707782817502 3.3540408139742794e-07 252
1707782817977 3.171930700318626e-07 253
1707782818461 2.988649896451534e-07 254
1707782818948 2.808868657666608e-07 255
1707782819434 2.624454111810337e-07 256
1707782819926 2.4399071207881207e-07 257
1707782820420 2.2521828668686794e-07 258
1707782820923 2.083839802935472e-07 259
1707782821404 1.9826470065709145e-07 260
1707782821881 0.0009478553547523916 261
1707782822365 0.0026008414570242167 262
1707782822847 0.0005047671147622168 263
1707782823330 2.241714537376538e-05 264
1707782823816 5.556195787903562e-07 265
1707782824300 3.892961046858545e-07 266
1707782824777 3.72478751842209e-07 267
1707782825256 3.548976508227497e-07 268
1707782825739 3.364945087014348e-07 269
1707782826218 3.1747111961522023e-07 270
1707782826708 2.990900043187139e-07 271
1707782827314 2.8140544827692793e-07 272
1707782827836 2.6504568495511194e-07 273
1707782828330 2.488987149718014e-07 274
1707782828818 2.3435822527062555e-07 275
1707782829303 2.2120697451555316e-07 276
1707782829789 2.0964681368695892e-07 277
1707782830274 1.991228941733425e-07 278
1707782830769 1.8947626756471436e-07 279
1707782831259 1.8047559535716573e-07 280
1707782831740 1.7184328271468985e-07 281
1707782832228 1.6291667748191685e-07 282
1707782832706 1.5421240107116319e-07 283
1707782833192 1.4560443162281445e-07 284
1707782833672 1.3671578358298575e-07 285
1707782834166 1.2833939422307594e-07 286
1707782834645 1.2029138929392502e-07 287
1707782835131 1.1281164091769824e-07 288
1707782835615 0.0007121582748368382 289
1707782836108 0.002774476306512952 290
1707782836590 0.0002721964265219867 291
1707782837078 6.550177204189822e-05 292
1707782837562 5.341614155440766e-07 293
1707782838049 3.451100667462015e-07 294
1707782838544 2.942874459677114e-07 295
1707782839030 2.599021797777823e-07 296
1707782839517 2.3557187489586795e-07 297
1707782840005 2.1496191493497463e-07 298
1707782840490 1.9853735011565732e-07 299
