1707697852041 0.5990166664123535 0
1707697854044 0.8790666460990906 1
1707697855526 0.9046666622161865 2
1707697857033 0.916949987411499 3
1707697858655 0.9254999756813049 4
1707697860438 0.9328833222389221 5
1707697861965 0.9370333552360535 6
1707697863445 0.941349983215332 7
1707697864890 0.9444000124931335 8
1707697866351 0.9477999806404114 9
1707697867809 0.9499666690826416 10
1707697869240 0.9517666697502136 11
1707697870698 0.9532333612442017 12
1707697872144 0.9554833173751831 13
1707697873596 0.9569000005722046 14
1707697875050 0.9583666920661926 15
1707697876505 0.9594333171844482 16
1707697877954 0.9608833193778992 17
1707697879405 0.9618833065032959 18
1707697880866 0.9628666639328003 19
1707697882320 0.9639000296592712 20
1707697883764 0.9647833108901978 21
1707697885209 0.9653333425521851 22
1707697886652 0.9662500023841858 23
1707697888101 0.9665166735649109 24
1707697889547 0.9675833582878113 25
1707697891015 0.9682999849319458 26
1707697892467 0.9690999984741211 27
1707697893917 0.9695166945457458 28
1707697895374 0.9701833128929138 29
