1707697852041 0.2629995346069336 0
1707697854044 0.11480707675218582 1
1707697855526 0.07310403883457184 2
1707697857033 0.05850458890199661 3
1707697858655 0.051154907792806625 4
1707697860438 0.04654189944267273 5
1707697861965 0.04324992001056671 6
1707697863445 0.04062449932098389 7
1707697864890 0.03846943750977516 8
1707697866351 0.03669917583465576 9
1707697867809 0.035127732902765274 10
1707697869240 0.03379114717245102 11
1707697870698 0.032558754086494446 12
1707697872144 0.03154537081718445 13
1707697873596 0.030599046498537064 14
1707697875050 0.029717864468693733 15
1707697876505 0.028900016099214554 16
1707697877954 0.028170105069875717 17
1707697879405 0.027501339092850685 18
1707697880866 0.026873311027884483 19
1707697882320 0.02628777176141739 20
1707697883764 0.025740526616573334 21
1707697885209 0.025215549394488335 22
1707697886652 0.024738749489188194 23
1707697888101 0.02431616000831127 24
1707697889547 0.02384204789996147 25
1707697891015 0.02343057096004486 26
1707697892467 0.02305530197918415 27
1707697893917 0.022698046639561653 28
1707697895374 0.022348081693053246 29
