1707780143942 0.5386833548545837 0
1707780145700 0.9223333597183228 1
1707780147456 0.9492833614349365 2
1707780149246 0.9613166451454163 3
1707780151038 0.9682999849319458 4
1707780152885 0.9740833044052124 5
1707780154654 0.9776666760444641 6
1707780156434 0.9805166721343994 7
1707780158199 0.9821666479110718 8
1707780159980 0.9840166568756104 9
1707780161774 0.9864833354949951 10
1707780163537 0.9880666732788086 11
1707780165323 0.9893166422843933 12
1707780167110 0.9898166656494141 13
1707780168876 0.9911166429519653 14
1707780170653 0.9917666912078857 15
1707780172430 0.9929999709129333 16
1707780174192 0.9923999905586243 17
1707780176054 0.9933000206947327 18
1707780177977 0.9936333298683167 19
1707780179762 0.9945166707038879 20
1707780181578 0.9943666458129883 21
1707780183456 0.9950666427612305 22
1707780185259 0.9955166578292847 23
1707780187263 0.9950666427612305 24
1707780189249 0.9959333539009094 25
1707780191063 0.9961666464805603 26
1707780192848 0.9962000250816345 27
1707780194751 0.9968666434288025 28
1707780196609 0.9969833493232727 29
1707780198401 0.9965333342552185 30
1707780200190 0.9968166947364807 31
1707780202020 0.997083306312561 32
