1707780143942 0.29417136311531067 0
1707780145700 0.11920564621686935 1
1707780147456 0.05568409338593483 2
1707780149246 0.032961852848529816 3
1707780151038 0.02401074394583702 4
1707780152885 0.01934994012117386 5
1707780154654 0.0163821280002594 6
1707780156434 0.01406296156346798 7
1707780158199 0.012606071308255196 8
1707780159980 0.011109927669167519 9
1707780161774 0.00969437975436449 10
1707780163537 0.008645456284284592 11
1707780165323 0.00774402404204011 12
1707780167110 0.007250775583088398 13
1707780168876 0.006512633059173822 14
1707780170653 0.005992915481328964 15
1707780172430 0.005470585078001022 16
1707780174192 0.005306476727128029 17
1707780176054 0.004833453334867954 18
1707780177977 0.004554197657853365 19
1707780179762 0.004078364931046963 20
1707780181578 0.004067384172230959 21
1707780183456 0.00360337202437222 22
1707780185259 0.0033159630838781595 23
1707780187263 0.0035032308660447598 24
1707780189249 0.0029598837718367577 25
1707780191063 0.002932657953351736 26
1707780192848 0.0027090972289443016 27
1707780194751 0.0024261933285743 28
1707780196609 0.00232076202519238 29
1707780198401 0.002487313002347946 30
1707780200190 0.0022611019667237997 31
1707780202020 0.002062164479866624 32
