1707781029573 0.5200833082199097 0
1707781031378 0.9194333553314209 1
1707781033187 0.9491000175476074 2
1707781035447 0.961483359336853 3
1707781037900 0.9676166772842407 4
1707781039707 0.9732666611671448 5
1707781042154 0.9768166542053223 6
1707781044770 0.9800833463668823 7
1707781046828 0.9827166795730591 8
1707781048790 0.9847000241279602 9
1707781051026 0.9864000082015991 10
1707781053068 0.9871833324432373 11
1707781055363 0.9885500073432922 12
1707781057172 0.9898499846458435 13
1707781058992 0.9908666610717773 14
1707781060792 0.9917500019073486 15
1707781062603 0.9921833276748657 16
1707781064416 0.9934499859809875 17
1707781066230 0.9939666390419006 18
1707781068064 0.9940833449363708 19
1707781069874 0.9944166541099548 20
1707781071783 0.9946833252906799 21
1707781074010 0.9954000115394592 22
1707781076267 0.9953500032424927 23
1707781078348 0.9956166744232178 24
1707781080372 0.9963833093643188 25
1707781082601 0.9958833456039429 26
1707781084528 0.99631667137146 27
1707781086414 0.9962999820709229 28
1707781088340 0.9965166449546814 29
1707781090218 0.9971166849136353 30
1707781092065 0.9970166683197021 31
1707781094009 0.997083306312561 32
1707781095929 0.9968000054359436 33
1707781097778 0.9973666667938232 34
1707781099646 0.9977999925613403 35
1707781101538 0.996999979019165 36
1707781103641 0.9979000091552734 37
1707781105666 0.9976166486740112 38
1707781107689 0.9976500272750854 39
1707781109597 0.9979833364486694 40
1707781111444 0.9976833462715149 41
1707781113303 0.9983500242233276 42
1707781115210 0.9978166818618774 43
1707781117054 0.997783362865448 44
1707781118949 0.9975333213806152 45
1707781120976 0.9983000159263611 46
1707781122848 0.9980666637420654 47
1707781124807 0.9982166886329651 48
1707781126662 0.9982500076293945 49
1707781128512 0.9983999729156494 50
1707781130358 0.9981499910354614 51
1707781132304 0.9983999729156494 52
1707781134158 0.998199999332428 53
1707781135995 0.9986666440963745 54
1707781137864 0.9985166788101196 55
1707781139704 0.998199999332428 56
1707781141611 0.9989166855812073 57
1707781143477 0.9985166788101196 58
1707781145309 0.9986166954040527 59
1707781147215 0.9987333416938782 60
1707781149413 0.9984833598136902 61
1707781151546 0.9985499978065491 62
1707781153439 0.9985499978065491 63
1707781155458 0.9987499713897705 64
1707781157338 0.9985499978065491 65
1707781159191 0.9983166456222534 66
1707781161057 0.9990500211715698 67
1707781162915 0.9989500045776367 68
1707781164805 0.9987333416938782 69
1707781166663 0.9988499879837036 70
1707781168522 0.9987999796867371 71
1707781170373 0.9990500211715698 72
1707781172221 0.9984999895095825 73
1707781174080 0.9988333582878113 74
1707781176037 0.9990500211715698 75
1707781177901 0.9994333386421204 76
1707781179794 0.9987000226974487 77
1707781181645 0.9989833235740662 78
1707781183503 0.9990666508674622 79
1707781185546 0.9990833401679993 80
1707781188543 0.9989333152770996 81
1707781190493 0.9992833137512207 82
1707781192308 0.9991666674613953 83
1707781194121 0.9990833401679993 84
1707781195912 0.9986666440963745 85
1707781197722 0.9990833401679993 86
1707781199502 0.9990333318710327 87
1707781201346 0.9991666674613953 88
1707781203132 0.9990833401679993 89
1707781204939 0.9988499879837036 90
1707781206736 0.9992333054542542 91
1707781208508 0.9992166757583618 92
1707781210296 0.9990833401679993 93
1707781212076 0.9991333484649658 94
1707781213858 0.9989333152770996 95
1707781215642 0.9993666410446167 96
1707781217468 0.9989166855812073 97
1707781219259 0.9990666508674622 98
1707781221077 0.9990833401679993 99
