1707781029573 0.29398679733276367 0
1707781031378 0.11170902848243713 1
1707781033187 0.05086632817983627 2
1707781035447 0.03174837678670883 3
1707781037900 0.024117417633533478 4
1707781039707 0.019347194582223892 5
1707781042154 0.016515271738171577 6
1707781044770 0.014123326167464256 7
1707781046828 0.012334922328591347 8
1707781048790 0.011049953289330006 9
1707781051026 0.009788799099624157 10
1707781053068 0.008782440796494484 11
1707781055363 0.008056453429162502 12
1707781057172 0.007261095568537712 13
1707781058992 0.006529339123517275 14
1707781060792 0.0059986598789691925 15
1707781062603 0.00563936959952116 16
1707781064416 0.004880446940660477 17
1707781066230 0.004605005029588938 18
1707781068064 0.0044395639561116695 19
1707781069874 0.004175396636128426 20
1707781071783 0.0038883178494870663 21
1707781074010 0.003518332727253437 22
1707781076267 0.0034732988569885492 23
1707781078348 0.0033113134559243917 24
1707781080372 0.003070733742788434 25
1707781082601 0.0031098793260753155 26
1707781084528 0.0027473990339785814 27
1707781086414 0.00290319393388927 28
1707781088340 0.002635351149365306 29
1707781090218 0.002353657502681017 30
1707781092065 0.002441064454615116 31
1707781094009 0.002220336114987731 32
1707781095929 0.0023300889879465103 33
1707781097778 0.0022039844188839197 34
1707781099646 0.0019092229194939137 35
1707781101538 0.0021298720967024565 36
1707781103641 0.001686899340711534 37
1707781105666 0.0018045369070023298 38
1707781107689 0.0019319169223308563 39
1707781109597 0.0016081735957413912 40
1707781111444 0.0017617548583075404 41
1707781113303 0.0014730405528098345 42
1707781115210 0.0015693223103880882 43
1707781117054 0.0015443892916664481 44
1707781118949 0.0016892205458134413 45
1707781120976 0.0013498043408617377 46
1707781122848 0.001385736046358943 47
1707781124807 0.001432680175639689 48
1707781126662 0.001342139788903296 49
1707781128512 0.001233574002981186 50
1707781130358 0.0013871374540030956 51
1707781132304 0.001255044830031693 52
1707781134158 0.0013364675687626004 53
1707781135995 0.001086420495994389 54
1707781137864 0.0012275525368750095 55
1707781139704 0.001313757267780602 56
1707781141611 0.0009014612878672779 57
1707781143477 0.0011715521104633808 58
1707781145309 0.001062102965079248 59
1707781147215 0.0009470019140280783 60
1707781149413 0.0011695530265569687 61
1707781151546 0.0011860247468575835 62
1707781153439 0.0010304005118086934 63
1707781155458 0.0010670210467651486 64
1707781157338 0.001013960805721581 65
1707781159191 0.0011483579874038696 66
1707781161057 0.0007528845453634858 67
1707781162915 0.0008632027311250567 68
1707781164805 0.0009388690232299268 69
1707781166663 0.0010035416344180703 70
1707781168522 0.000944188330322504 71
1707781170373 0.0008217105641961098 72
1707781172221 0.0010526179103180766 73
1707781174080 0.0009397802641615272 74
1707781176037 0.0007870316621847451 75
1707781177901 0.000503124319948256 76
1707781179794 0.0010204160353168845 77
1707781181645 0.0008150232024490833 78
1707781183503 0.0007421355694532394 79
1707781185546 0.0007227832684293389 80
1707781188543 0.0008819687063805759 81
1707781190493 0.0006597802857868373 82
1707781192308 0.0006834105588495731 83
1707781194121 0.0007490718853659928 84
1707781195912 0.0009417416877113283 85
1707781197722 0.0007154065533541143 86
1707781199502 0.0006988312234170735 87
1707781201346 0.000748334510717541 88
1707781203132 0.0007364528137259185 89
1707781204939 0.0008355927420780063 90
1707781206736 0.0006555955624207854 91
1707781208508 0.0006483296165242791 92
1707781210296 0.0007742432644590735 93
1707781212076 0.000714217487256974 94
1707781213858 0.0007454957813024521 95
1707781215642 0.0004358457517810166 96
1707781217468 0.0006731895846314728 97
1707781219259 0.0007336217095144093 98
1707781221077 0.0006176583701744676 99
