1707979442760 0.10409999638795853 0
1707979443945 0.09950000047683716 1
1707979445048 0.1031000018119812 2
1707979446053 0.11010000109672546 3
1707979447227 0.15800000727176666 4
1707979448325 0.2206999957561493 5
1707979449270 0.2980000078678131 6
1707979450319 0.3628999888896942 7
1707979451289 0.3977000117301941 8
1707979452263 0.43209999799728394 9
1707979453204 0.4546999931335449 10
1707979454136 0.4756999909877777 11
1707979455087 0.49720001220703125 12
1707979456130 0.5083000063896179 13
1707979457216 0.5270000100135803 14
1707979458174 0.5332000255584717 15
1707979459335 0.5464000105857849 16
1707979460447 0.5458999872207642 17
1707979461370 0.5557000041007996 18
1707979462372 0.5715000033378601 19
1707979463302 0.5674999952316284 20
1707979464270 0.5698000192642212 21
1707979465228 0.5820000171661377 22
1707979466147 0.5911999940872192 23
1707979467060 0.5853999853134155 24
1707979467976 0.5952000021934509 25
1707979468914 0.598800003528595 26
1707979469922 0.604200005531311 27
1707979470840 0.6180999875068665 28
1707979472006 0.6139000058174133 29
1707979473110 0.6169000267982483 30
1707979474113 0.6168000102043152 31
1707979475118 0.623199999332428 32
1707979476180 0.6230000257492065 33
1707979477121 0.6272000074386597 34
1707979478049 0.636900007724762 35
1707979479002 0.6349999904632568 36
1707979479946 0.6335999965667725 37
1707979480887 0.6421999931335449 38
1707979481832 0.6309999823570251 39
1707979482767 0.6388999819755554 40
1707979483734 0.651199996471405 41
1707979484738 0.6444000005722046 42
1707979485676 0.6455000042915344 43
1707979486669 0.6538000106811523 44
1707979487597 0.65420001745224 45
1707979488550 0.6536999940872192 46
1707979489720 0.6550999879837036 47
1707979490685 0.656499981880188 48
1707979491603 0.6561999917030334 49
1707979492565 0.6597999930381775 50
1707979493560 0.6639999747276306 51
1707979494717 0.6679999828338623 52
1707979495819 0.6747000217437744 53
1707979496966 0.6675000190734863 54
1707979497902 0.671500027179718 55
1707979498843 0.6725999712944031 56
1707979499757 0.6743999719619751 57
1707979500716 0.6761999726295471 58
1707979501634 0.6761999726295471 59
1707979502549 0.6773999929428101 60
1707979503513 0.6761999726295471 61
1707979504443 0.6854000091552734 62
1707979505361 0.6812000274658203 63
1707979506276 0.6800000071525574 64
1707979507249 0.6901999711990356 65
1707979508268 0.6876000165939331 66
1707979509236 0.6820999979972839 67
1707979510183 0.6888999938964844 68
1707979511112 0.6888999938964844 69
1707979512099 0.6984000205993652 70
1707979513210 0.6929000020027161 71
1707979514221 0.7027999758720398 72
1707979515335 0.6948000192642212 73
1707979516519 0.6983000040054321 74
1707979517623 0.7117000222206116 75
1707979518641 0.7078999876976013 76
1707979519692 0.7049000263214111 77
1707979520678 0.7074999809265137 78
1707979521597 0.7096999883651733 79
1707979522547 0.7138000130653381 80
1707979523474 0.7159000039100647 81
1707979524426 0.7196999788284302 82
1707979525363 0.7213000059127808 83
1707979526280 0.727400004863739 84
1707979527226 0.7303000092506409 85
1707979528137 0.7322999835014343 86
1707979529045 0.7325999736785889 87
1707979530004 0.7383999824523926 88
1707979531170 0.7336000204086304 89
1707979532332 0.7318000197410583 90
1707979533482 0.7390999794006348 91
1707979534436 0.7342000007629395 92
1707979535430 0.7354999780654907 93
1707979536654 0.7421000003814697 94
1707979537840 0.739799976348877 95
1707979538959 0.7430999875068665 96
1707979539900 0.7402999997138977 97
1707979540849 0.7418000102043152 98
1707979541809 0.7422000169754028 99
1707979542853 0.7319999933242798 100
1707979543772 0.7422000169754028 101
1707979544740 0.7455999851226807 102
1707979545670 0.7429999709129333 103
1707979546591 0.7440999746322632 104
1707979547553 0.7454000115394592 105
1707979548509 0.7494000196456909 106
1707979549464 0.7459999918937683 107
1707979550389 0.7511000037193298 108
1707979551316 0.7494000196456909 109
1707979552238 0.7493000030517578 110
1707979553214 0.7458999752998352 111
1707979554168 0.7479000091552734 112
1707979555135 0.7459999918937683 113
1707979556047 0.7566999793052673 114
1707979556974 0.756600022315979 115
1707979557967 0.7592999935150146 116
1707979559072 0.7559000253677368 117
1707979559993 0.7565000057220459 118
1707979560945 0.7470999956130981 119
1707979561859 0.7509999871253967 120
1707979562796 0.7502999901771545 121
1707979563723 0.7542999982833862 122
1707979564673 0.7516000270843506 123
1707979565606 0.7452999949455261 124
1707979566569 0.7551000118255615 125
1707979567508 0.7541000247001648 126
1707979568422 0.7591999769210815 127
1707979569383 0.7566999793052673 128
1707979570336 0.7538999915122986 129
1707979571262 0.7615000009536743 130
1707979572182 0.7623999714851379 131
1707979573182 0.7577999830245972 132
1707979574097 0.7605000138282776 133
1707979575064 0.7555000185966492 134
1707979575986 0.7577999830245972 135
1707979576901 0.7616999745368958 136
1707979577914 0.7599999904632568 137
1707979578855 0.7631000280380249 138
1707979579785 0.7531999945640564 139
1707979580737 0.7562000155448914 140
1707979581672 0.7608000040054321 141
1707979582695 0.7652999758720398 142
1707979583736 0.7616000175476074 143
1707979584897 0.7627999782562256 144
1707979586075 0.7645999789237976 145
1707979587192 0.7641000151634216 146
1707979588390 0.7652999758720398 147
1707979589389 0.7597000002861023 148
1707979590335 0.765500009059906 149
1707979591330 0.755299985408783 150
1707979592282 0.7631999850273132 151
1707979593368 0.7633000016212463 152
1707979594285 0.7615000009536743 153
1707979595232 0.765999972820282 154
1707979596179 0.7627000212669373 155
1707979597173 0.7620000243186951 156
1707979598387 0.7627000212669373 157
1707979599695 0.7667999863624573 158
1707979600964 0.7634000182151794 159
1707979602011 0.762499988079071 160
1707979602939 0.7642999887466431 161
1707979603924 0.7716000080108643 162
1707979604900 0.767300009727478 163
1707979605901 0.7657999992370605 164
1707979607178 0.765500009059906 165
1707979608257 0.7717999815940857 166
1707979609396 0.7649000287055969 167
1707979610433 0.7627999782562256 168
1707979611560 0.762499988079071 169
1707979612620 0.7573999762535095 170
1707979613858 0.7630000114440918 171
1707979614868 0.7642999887466431 172
1707979615910 0.7667999863624573 173
1707979617280 0.7627999782562256 174
1707979618286 0.7695000171661377 175
1707979619294 0.7605000138282776 176
1707979620359 0.7574999928474426 177
1707979621580 0.7684000134468079 178
1707979622738 0.7674999833106995 179
1707979623741 0.7635999917984009 180
1707979624774 0.7721999883651733 181
1707979625758 0.7688999772071838 182
1707979626824 0.7663000226020813 183
1707979627832 0.76419997215271 184
1707979628832 0.7699000239372253 185
1707979629794 0.761900007724762 186
1707979630747 0.7652999758720398 187
1707979631754 0.7656000256538391 188
1707979632729 0.76910001039505 189
1707979633707 0.7645999789237976 190
1707979634695 0.767799973487854 191
1707979635822 0.7738000154495239 192
1707979636914 0.7746999859809875 193
1707979638013 0.7669000029563904 194
1707979639036 0.7684999704360962 195
1707979640061 0.7688000202178955 196
1707979641054 0.7631999850273132 197
1707979642132 0.7731000185012817 198
1707979643296 0.7705000042915344 199
1707979644506 0.7684000134468079 200
1707979645700 0.7700999975204468 201
1707979646810 0.7773000001907349 202
1707979647769 0.7682999968528748 203
1707979648894 0.7738000154495239 204
1707979649837 0.7700999975204468 205
1707979650782 0.7724999785423279 206
1707979651817 0.7724999785423279 207
1707979652980 0.7671999931335449 208
1707979654041 0.7656999826431274 209
1707979654986 0.7687000036239624 210
1707979655935 0.7699000239372253 211
1707979656944 0.7731999754905701 212
1707979657902 0.7724999785423279 213
1707979658947 0.7732999920845032 214
1707979659966 0.767300009727478 215
1707979661043 0.7689999938011169 216
1707979662010 0.7714999914169312 217
1707979662970 0.7735000252723694 218
1707979664006 0.7800999879837036 219
1707979664933 0.7717000246047974 220
1707979665880 0.7621999979019165 221
1707979667078 0.774399995803833 222
1707979668480 0.7677000164985657 223
1707979669701 0.7756999731063843 224
1707979670748 0.7700999975204468 225
1707979671811 0.777400016784668 226
1707979673610 0.7628999948501587 227
1707979676482 0.7753999829292297 228
1707979677361 0.7746000289916992 229
1707979678259 0.7702000141143799 230
1707979679140 0.7752000093460083 231
1707979680129 0.7745000123977661 232
1707979681277 0.7648000121116638 233
1707979682368 0.7716000080108643 234
1707979683363 0.7653999924659729 235
1707979684280 0.7709000110626221 236
1707979685224 0.7609999775886536 237
1707979686120 0.7720999717712402 238
1707979687011 0.7810999751091003 239
1707979687912 0.7804999947547913 240
1707979688814 0.7777000069618225 241
1707979689828 0.7759000062942505 242
1707979691308 0.7724999785423279 243
1707979692217 0.7717000246047974 244
1707979692981 0.7705000042915344 245
1707979693756 0.7742999792098999 246
1707979694508 0.7699999809265137 247
1707979695181 0.7742999792098999 248
1707979695961 0.7732999920845032 249
1707979696673 0.772599995136261 250
1707979697401 0.772599995136261 251
1707979698100 0.7716000080108643 252
1707979698794 0.7807000279426575 253
1707979699430 0.7789000272750854 254
1707979700121 0.7732999920845032 255
1707979700741 0.7767999768257141 256
1707979701373 0.7720000147819519 257
1707979701984 0.7768999934196472 258
1707979702643 0.7756999731063843 259
1707979703282 0.7766000032424927 260
1707979703915 0.7778000235557556 261
1707979704565 0.7706999778747559 262
1707979705204 0.7746999859809875 263
1707979705897 0.7735000252723694 264
1707979706633 0.7781000137329102 265
1707979707318 0.7784000039100647 266
1707979708002 0.77920001745224 267
1707979708682 0.7785999774932861 268
1707979709366 0.7742000222206116 269
1707979710072 0.7732999920845032 270
1707979710807 0.7721999883651733 271
1707979711495 0.7741000056266785 272
1707979712195 0.7820000052452087 273
1707979712897 0.7750999927520752 274
1707979713671 0.7741000056266785 275
1707979714379 0.7760000228881836 276
1707979715076 0.7785000205039978 277
1707979715795 0.7793999910354614 278
1707979716496 0.7778000235557556 279
1707979717266 0.7710999846458435 280
1707979717986 0.7742999792098999 281
1707979718717 0.7698000073432922 282
1707979719430 0.7789999842643738 283
1707979720177 0.7753999829292297 284
1707979720999 0.7773000001907349 285
1707979721805 0.7735999822616577 286
1707979722627 0.774399995803833 287
1707979723378 0.7803000211715698 288
1707979724057 0.781000018119812 289
1707979724857 0.7766000032424927 290
1707979725491 0.7807000279426575 291
1707979726134 0.7768999934196472 292
1707979726781 0.7742999792098999 293
1707979727437 0.7764000296592712 294
1707979728083 0.7795000076293945 295
1707979728800 0.7771000266075134 296
1707979729443 0.7785000205039978 297
1707979730096 0.7717999815940857 298
1707979730825 0.76910001039505 299
