1707979442760 0.5134299993515015 0
1707979443945 0.3899219334125519 1
1707979445048 0.36720025539398193 2
1707979446053 0.35731983184814453 3
1707979447227 0.3438577651977539 4
1707979448325 0.322378009557724 5
1707979449270 0.3009643256664276 6
1707979450319 0.28207820653915405 7
1707979451289 0.26794305443763733 8
1707979452263 0.25546783208847046 9
1707979453204 0.24505837261676788 10
1707979454136 0.23643073439598083 11
1707979455087 0.22758284211158752 12
1707979456130 0.22063544392585754 13
1707979457216 0.21439385414123535 14
1707979458174 0.21151159703731537 15
1707979459335 0.2048906534910202 16
1707979460447 0.20221367478370667 17
1707979461370 0.19883063435554504 18
1707979462372 0.19445601105690002 19
1707979463302 0.193267360329628 20
1707979464270 0.1906830370426178 21
1707979465228 0.18684832751750946 22
1707979466147 0.18427979946136475 23
1707979467060 0.18401873111724854 24
1707979467976 0.18258364498615265 25
1707979468914 0.18045750260353088 26
1707979469922 0.17869412899017334 27
1707979470840 0.17628519237041473 28
1707979472006 0.17413339018821716 29
1707979473110 0.1740230917930603 30
1707979474113 0.17203180491924286 31
1707979475118 0.17176346480846405 32
1707979476180 0.17027956247329712 33
1707979477121 0.16808314621448517 34
1707979478049 0.1676480919122696 35
1707979479002 0.16638435423374176 36
1707979479946 0.16608141362667084 37
1707979480887 0.16328065097332 38
1707979481832 0.16613145172595978 39
1707979482767 0.16448256373405457 40
1707979483734 0.16089566051959991 41
1707979484738 0.16081328690052032 42
1707979485676 0.1604175716638565 43
1707979486669 0.15917201340198517 44
1707979487597 0.15734627842903137 45
1707979488550 0.15895198285579681 46
1707979489720 0.15829132497310638 47
1707979490685 0.157618910074234 48
1707979491603 0.15626615285873413 49
1707979492565 0.1565086543560028 50
1707979493560 0.15329545736312866 51
1707979494717 0.15391653776168823 52
1707979495819 0.1532151699066162 53
1707979496966 0.15263105928897858 54
1707979497902 0.15107494592666626 55
1707979498843 0.15107055008411407 56
1707979499757 0.1503400355577469 57
1707979500716 0.14987820386886597 58
1707979501634 0.14814241230487823 59
1707979502549 0.14872951805591583 60
1707979503513 0.14852958917617798 61
1707979504443 0.14743274450302124 62
1707979505361 0.14725612103939056 63
1707979506276 0.1474134922027588 64
1707979507249 0.1451062709093094 65
1707979508268 0.14495275914669037 66
1707979509236 0.1466008722782135 67
1707979510183 0.14564073085784912 68
1707979511112 0.14390040934085846 69
1707979512099 0.1442919820547104 70
1707979513210 0.144265815615654 71
1707979514221 0.1420138031244278 72
1707979515335 0.14393503963947296 73
1707979516519 0.1402302086353302 74
1707979517623 0.1391308754682541 75
1707979518641 0.14054949581623077 76
1707979519692 0.1420014202594757 77
1707979520678 0.14012232422828674 78
1707979521597 0.14017154276371002 79
1707979522547 0.1375768482685089 80
1707979523474 0.13967932760715485 81
1707979524426 0.1382661610841751 82
1707979525363 0.13795951008796692 83
1707979526280 0.13560259342193604 84
1707979527226 0.13573068380355835 85
1707979528137 0.13680262863636017 86
1707979529045 0.1348479688167572 87
1707979530004 0.13584262132644653 88
1707979531170 0.1342920958995819 89
1707979532332 0.1328723281621933 90
1707979533482 0.13559988141059875 91
1707979534436 0.13290779292583466 92
1707979535430 0.13422706723213196 93
1707979536654 0.13293074071407318 94
1707979537840 0.1320105791091919 95
1707979538959 0.1320168524980545 96
1707979539900 0.133827343583107 97
1707979540849 0.131437286734581 98
1707979541809 0.13083389401435852 99
1707979542853 0.1335502713918686 100
1707979543772 0.13130076229572296 101
1707979544740 0.13158591091632843 102
1707979545670 0.12967358529567719 103
1707979546591 0.1309182196855545 104
1707979547553 0.1284106820821762 105
1707979548509 0.12807205319404602 106
1707979549464 0.13045178353786469 107
1707979550389 0.12708239257335663 108
1707979551316 0.12710179388523102 109
1707979552238 0.12824663519859314 110
1707979553214 0.12861059606075287 111
1707979554168 0.12927894294261932 112
1707979555135 0.1268783062696457 113
1707979556047 0.1258394718170166 114
1707979556974 0.1255701184272766 115
1707979557967 0.12473379820585251 116
1707979559072 0.12535841763019562 117
1707979559993 0.1233208030462265 118
1707979560945 0.12677735090255737 119
1707979561859 0.1255398988723755 120
1707979562796 0.1233578771352768 121
1707979563723 0.12514729797840118 122
1707979564673 0.12618859112262726 123
1707979565606 0.12456820160150528 124
1707979566569 0.12262474000453949 125
1707979567508 0.12225324660539627 126
1707979568422 0.1233668103814125 127
1707979569383 0.12280502915382385 128
1707979570336 0.12235069274902344 129
1707979571262 0.12308725714683533 130
1707979572182 0.11941128224134445 131
1707979573182 0.12134309113025665 132
1707979574097 0.12101078033447266 133
1707979575064 0.1207301914691925 134
1707979575986 0.12129081785678864 135
1707979576901 0.11902610212564468 136
1707979577914 0.11982671171426773 137
1707979578855 0.1198478639125824 138
1707979579785 0.12178104370832443 139
1707979580737 0.11955095082521439 140
1707979581672 0.11985757946968079 141
1707979582695 0.11701852828264236 142
1707979583736 0.11997072398662567 143
1707979584897 0.11946553736925125 144
1707979586075 0.11705108731985092 145
1707979587192 0.12006253749132156 146
1707979588390 0.11894483864307404 147
1707979589389 0.11856618523597717 148
1707979590335 0.11741846054792404 149
1707979591330 0.12149537354707718 150
1707979592282 0.11878542602062225 151
1707979593368 0.118106409907341 152
1707979594285 0.11880852282047272 153
1707979595232 0.11848174780607224 154
1707979596179 0.11959754675626755 155
1707979597173 0.11742255836725235 156
1707979598387 0.11902304738759995 157
1707979599695 0.11690133064985275 158
1707979600964 0.11670275777578354 159
1707979602011 0.11635660380125046 160
1707979602939 0.11635898798704147 161
1707979603924 0.1151365339756012 162
1707979604900 0.11724882572889328 163
1707979605901 0.11702944338321686 164
1707979607178 0.1161208376288414 165
1707979608257 0.11487428843975067 166
1707979609396 0.11611064523458481 167
1707979610433 0.11738698929548264 168
1707979611560 0.11796481907367706 169
1707979612620 0.11678729206323624 170
1707979613858 0.11890220642089844 171
1707979614868 0.1169167011976242 172
1707979615910 0.11575447022914886 173
1707979617280 0.11729858070611954 174
1707979618286 0.11443217843770981 175
1707979619294 0.11918827891349792 176
1707979620359 0.11934161186218262 177
1707979621580 0.11317556351423264 178
1707979622738 0.1165863424539566 179
1707979623741 0.11700353026390076 180
1707979624774 0.11541369557380676 181
1707979625758 0.1149786040186882 182
1707979626824 0.11372187733650208 183
1707979627832 0.11668486148118973 184
1707979628832 0.11464451998472214 185
1707979629794 0.11594006419181824 186
1707979630747 0.11584923416376114 187
1707979631754 0.11485562473535538 188
1707979632729 0.11499157547950745 189
1707979633707 0.1165037453174591 190
1707979634695 0.11511553823947906 191
1707979635822 0.11314158886671066 192
1707979636914 0.11591033637523651 193
1707979638013 0.11591258645057678 194
1707979639036 0.11418467015028 195
1707979640061 0.11403762549161911 196
1707979641054 0.1153063103556633 197
1707979642132 0.11259600520133972 198
1707979643296 0.11568475514650345 199
1707979644506 0.11624845862388611 200
1707979645700 0.11323170363903046 201
1707979646810 0.11197350174188614 202
1707979647769 0.11572986841201782 203
1707979648894 0.11339651793241501 204
1707979649837 0.1141190156340599 205
1707979650782 0.11311516165733337 206
1707979651817 0.11378936469554901 207
1707979652980 0.11410227417945862 208
1707979654041 0.11476285755634308 209
1707979654986 0.11241111159324646 210
1707979655935 0.11220888793468475 211
1707979656944 0.11330462992191315 212
1707979657902 0.11200559139251709 213
1707979658947 0.11310944706201553 214
1707979659966 0.11475727707147598 215
1707979661043 0.11463563144207001 216
1707979662010 0.11450953036546707 217
1707979662970 0.11284904927015305 218
1707979664006 0.110722616314888 219
1707979664933 0.11327612400054932 220
1707979665880 0.11636383086442947 221
1707979667078 0.11183831840753555 222
1707979668480 0.11481298506259918 223
1707979669701 0.1146015152335167 224
1707979670748 0.11489525437355042 225
1707979671811 0.11080582439899445 226
1707979673610 0.11409025639295578 227
1707979676482 0.11030246317386627 228
1707979677361 0.11196983605623245 229
1707979678259 0.11425530910491943 230
1707979679140 0.11235600709915161 231
1707979680129 0.11164029687643051 232
1707979681277 0.11479925364255905 233
1707979682368 0.11422589421272278 234
1707979683363 0.11312200874090195 235
1707979684280 0.11241867393255234 236
1707979685224 0.11553291231393814 237
1707979686120 0.11108607053756714 238
1707979687011 0.11188329011201859 239
1707979687912 0.11088158190250397 240
1707979688814 0.11060648411512375 241
1707979689828 0.11248999089002609 242
1707979691308 0.11057009547948837 243
1707979692217 0.11150126904249191 244
1707979692981 0.11301900446414948 245
1707979693756 0.11054512858390808 246
1707979694508 0.11096445471048355 247
1707979695181 0.11226635426282883 248
1707979695961 0.1122516617178917 249
1707979696673 0.11183637380599976 250
1707979697401 0.11189615726470947 251
1707979698100 0.11184505373239517 252
1707979698794 0.11053868383169174 253
1707979699430 0.11185837537050247 254
1707979700121 0.11374852061271667 255
1707979700741 0.10999864339828491 256
1707979701373 0.11221732199192047 257
1707979701984 0.10857733339071274 258
1707979702643 0.11031025648117065 259
1707979703282 0.11006437987089157 260
1707979703915 0.11113285273313522 261
1707979704565 0.11358542740345001 262
1707979705204 0.11132728308439255 263
1707979705897 0.10946843028068542 264
1707979706633 0.11119299381971359 265
1707979707318 0.10993913561105728 266
1707979708002 0.10944432020187378 267
1707979708682 0.1124594584107399 268
1707979709366 0.11083263158798218 269
1707979710072 0.11288360506296158 270
1707979710807 0.11399418860673904 271
1707979711495 0.11072305589914322 272
1707979712195 0.10744106769561768 273
1707979712897 0.11174019426107407 274
1707979713671 0.11063601076602936 275
1707979714379 0.11199868470430374 276
1707979715076 0.11086353659629822 277
1707979715795 0.11126407235860825 278
1707979716496 0.11015572398900986 279
1707979717266 0.1116424947977066 280
1707979717986 0.11106790602207184 281
1707979718717 0.11115383356809616 282
1707979719430 0.11025311052799225 283
1707979720177 0.11260688304901123 284
1707979720999 0.10868816077709198 285
1707979721805 0.11140082776546478 286
1707979722627 0.11278780549764633 287
1707979723378 0.1094224601984024 288
1707979724057 0.10829900950193405 289
1707979724857 0.1112736314535141 290
1707979725491 0.1079525500535965 291
1707979726134 0.10914665460586548 292
1707979726781 0.11146336793899536 293
1707979727437 0.11083567142486572 294
1707979728083 0.10960349440574646 295
1707979728800 0.11040086299180984 296
1707979729443 0.10966770350933075 297
1707979730096 0.11149794608354568 298
1707979730825 0.11138281226158142 299
