1707783120995 0.08640000224113464 0
1707783121478 0.09300000220537186 1
1707783121955 0.27559998631477356 2
1707783122446 0.31380000710487366 3
1707783122936 0.430400013923645 4
1707783123428 0.6320000290870667 5
1707783123911 0.8101999759674072 6
1707783124394 0.8748999834060669 7
1707783124885 0.9150000214576721 8
1707783125358 0.9333000183105469 9
1707783125832 0.944599986076355 10
1707783126306 0.9524999856948853 11
1707783126788 0.958899974822998 12
1707783127268 0.9663000106811523 13
1707783127735 0.9700999855995178 14
1707783128215 0.9750000238418579 15
1707783128692 0.9779000282287598 16
1707783129163 0.9803000092506409 17
1707783129627 0.9830999970436096 18
1707783130099 0.9860000014305115 19
1707783130575 0.9876000285148621 20
1707783131046 0.9890000224113464 21
1707783131518 0.9897000193595886 22
1707783131987 0.991100013256073 23
1707783132459 0.9918000102043152 24
1707783132929 0.9925000071525574 25
1707783133450 0.9939000010490417 26
1707783134066 0.9945999979972839 27
1707783134558 0.9943000078201294 28
1707783135039 0.9957000017166138 29
1707783135512 0.996399998664856 30
1707783135989 0.9965000152587891 31
1707783136471 0.9965000152587891 32
1707783136952 0.9972000122070312 33
1707783137428 0.9965999722480774 34
1707783137915 0.9973000288009644 35
1707783138391 0.9980000257492065 36
1707783138872 0.9973999857902527 37
1707783139354 0.9976999759674072 38
1707783139832 0.9980999827384949 39
1707783140310 0.9983000159263611 40
1707783140799 0.9987999796867371 41
1707783141281 0.9988999962806702 42
1707783141755 0.9986000061035156 43
1707783142221 0.9962000250816345 44
1707783142713 0.9984999895095825 45
1707783143197 0.9990000128746033 46
1707783143669 0.9987999796867371 47
1707783144145 0.9977999925613403 48
1707783144631 0.9980999827384949 49
1707783145109 0.9987000226974487 50
1707783145588 0.9977999925613403 51
1707783146059 0.9976000189781189 52
1707783146533 0.9991999864578247 53
1707783147024 0.9991999864578247 54
1707783147504 0.9994000196456909 55
1707783148000 0.9994000196456909 56
1707783148496 0.9995999932289124 57
1707783148974 0.9983999729156494 58
1707783149446 0.9980000257492065 59
1707783149921 0.9995999932289124 60
1707783150405 0.9995999932289124 61
1707783150880 0.9995999932289124 62
1707783151357 0.9991999864578247 63
1707783151840 0.9994000196456909 64
1707783152320 0.9987999796867371 65
1707783152807 0.9987999796867371 66
1707783153285 0.9997000098228455 67
1707783153763 0.9998000264167786 68
1707783154238 0.9998000264167786 69
1707783154715 0.9998000264167786 70
1707783155189 0.9998999834060669 71
1707783155663 0.9998999834060669 72
1707783156145 0.9994000196456909 73
1707783156620 0.9987000226974487 74
1707783157107 0.9998000264167786 75
1707783157584 0.9998999834060669 76
1707783158067 0.9998999834060669 77
1707783158546 0.9998999834060669 78
1707783159044 0.9986000061035156 79
1707783159535 0.998199999332428 80
1707783160019 0.9994999766349792 81
1707783160547 1.0 82
1707783161156 1.0 83
1707783161898 1.0 84
1707783162476 1.0 85
1707783163016 1.0 86
1707783163520 1.0 87
1707783164013 1.0 88
1707783164517 1.0 89
1707783165022 1.0 90
1707783165522 1.0 91
1707783166006 1.0 92
1707783166494 1.0 93
1707783166973 0.9965999722480774 94
1707783167461 0.9994000196456909 95
1707783167935 0.9994000196456909 96
1707783168418 0.9998999834060669 97
1707783168899 0.9998999834060669 98
1707783169381 1.0 99
1707783169870 1.0 100
1707783170380 1.0 101
1707783170903 1.0 102
1707783171423 1.0 103
1707783172060 1.0 104
1707783172861 1.0 105
1707783173391 1.0 106
1707783174091 1.0 107
1707783174689 1.0 108
1707783175282 1.0 109
1707783175785 1.0 110
1707783176345 1.0 111
1707783177083 1.0 112
1707783177938 1.0 113
1707783178648 1.0 114
1707783179230 1.0 115
1707783179738 1.0 116
1707783180329 1.0 117
1707783180879 1.0 118
1707783181386 1.0 119
1707783181879 1.0 120
1707783182363 0.9972000122070312 121
1707783182847 0.9980999827384949 122
1707783183325 0.9994999766349792 123
1707783183821 0.9991000294685364 124
1707783184299 0.9986000061035156 125
1707783184774 0.9984999895095825 126
1707783185271 0.9997000098228455 127
1707783185763 1.0 128
1707783186254 1.0 129
1707783186725 1.0 130
1707783187224 1.0 131
1707783187911 1.0 132
1707783188664 1.0 133
1707783189342 1.0 134
1707783189883 1.0 135
1707783190463 1.0 136
1707783190958 1.0 137
1707783191424 1.0 138
1707783191986 1.0 139
1707783192568 1.0 140
1707783193137 1.0 141
1707783193656 1.0 142
1707783194149 1.0 143
1707783194623 1.0 144
1707783195099 1.0 145
1707783195582 1.0 146
1707783196051 1.0 147
1707783196522 1.0 148
1707783197001 1.0 149
1707783197481 1.0 150
1707783197955 1.0 151
1707783198426 1.0 152
1707783198897 1.0 153
1707783199402 1.0 154
1707783199879 1.0 155
1707783200351 1.0 156
1707783200865 1.0 157
1707783201345 1.0 158
1707783201825 1.0 159
1707783202316 1.0 160
1707783202784 1.0 161
1707783203268 1.0 162
1707783203744 1.0 163
1707783204213 1.0 164
1707783204682 1.0 165
1707783205172 1.0 166
1707783205645 1.0 167
1707783206113 1.0 168
1707783206583 1.0 169
1707783207055 1.0 170
1707783207522 1.0 171
1707783208021 1.0 172
1707783208487 1.0 173
1707783208972 1.0 174
1707783209459 1.0 175
1707783209937 1.0 176
1707783210408 1.0 177
1707783210882 1.0 178
1707783211357 1.0 179
1707783211835 1.0 180
1707783212327 1.0 181
1707783212789 1.0 182
1707783213256 1.0 183
1707783213730 1.0 184
1707783214211 1.0 185
1707783214675 1.0 186
1707783215146 1.0 187
1707783215620 1.0 188
1707783216097 1.0 189
1707783216585 1.0 190
1707783217067 1.0 191
1707783217540 1.0 192
1707783218040 1.0 193
1707783218542 1.0 194
1707783219031 1.0 195
1707783219525 1.0 196
1707783220029 1.0 197
1707783220537 1.0 198
1707783221193 1.0 199
1707783221716 1.0 200
1707783222225 1.0 201
1707783222712 1.0 202
1707783223214 1.0 203
1707783223696 1.0 204
1707783224182 1.0 205
1707783224653 1.0 206
1707783225131 1.0 207
1707783225612 1.0 208
1707783226100 1.0 209
1707783226581 1.0 210
1707783227059 1.0 211
1707783227521 1.0 212
1707783228020 1.0 213
1707783228520 1.0 214
1707783228986 1.0 215
1707783229485 1.0 216
1707783229985 1.0 217
1707783230484 1.0 218
1707783230962 1.0 219
1707783231449 1.0 220
1707783231973 1.0 221
1707783232456 1.0 222
1707783233020 1.0 223
1707783233532 1.0 224
1707783234021 1.0 225
1707783234498 1.0 226
1707783234996 1.0 227
1707783235487 1.0 228
1707783235966 1.0 229
1707783236462 1.0 230
1707783236947 1.0 231
1707783237428 1.0 232
1707783237895 1.0 233
1707783238378 1.0 234
1707783238861 1.0 235
1707783239362 1.0 236
1707783239852 1.0 237
1707783240359 1.0 238
1707783240870 1.0 239
1707783241358 1.0 240
1707783241841 1.0 241
1707783242324 1.0 242
1707783242808 1.0 243
1707783243298 1.0 244
1707783243771 1.0 245
1707783244259 1.0 246
1707783244748 1.0 247
1707783245222 1.0 248
1707783245721 1.0 249
1707783246187 1.0 250
1707783246683 1.0 251
1707783247169 1.0 252
1707783247653 1.0 253
1707783248127 1.0 254
1707783248612 1.0 255
1707783249087 1.0 256
1707783249569 1.0 257
1707783250085 1.0 258
1707783250577 1.0 259
1707783251063 1.0 260
1707783251551 1.0 261
1707783252035 1.0 262
1707783252555 1.0 263
1707783253185 1.0 264
1707783253785 1.0 265
1707783254366 1.0 266
1707783254853 1.0 267
1707783255354 1.0 268
1707783255829 1.0 269
1707783256295 1.0 270
1707783256778 1.0 271
1707783257269 1.0 272
1707783257751 1.0 273
1707783258246 1.0 274
1707783258733 1.0 275
1707783259213 1.0 276
1707783259692 1.0 277
1707783260192 1.0 278
1707783260691 1.0 279
1707783261193 1.0 280
1707783261670 1.0 281
1707783262151 1.0 282
1707783262630 1.0 283
1707783263101 1.0 284
1707783263572 1.0 285
1707783264055 1.0 286
1707783264521 1.0 287
1707783265012 1.0 288
1707783265485 1.0 289
1707783265969 1.0 290
1707783266455 1.0 291
1707783266948 1.0 292
1707783267420 1.0 293
1707783267918 1.0 294
1707783268410 1.0 295
1707783268884 1.0 296
1707783269383 1.0 297
1707783269850 1.0 298
1707783270337 1.0 299
