1707783120995 0.5977900624275208 0
1707783121478 0.39768853783607483 1
1707783121955 0.3304867148399353 2
1707783122446 0.306790292263031 3
1707783122936 0.2792648375034332 4
1707783123428 0.24295009672641754 5
1707783123911 0.20656467974185944 6
1707783124394 0.17376814782619476 7
1707783124885 0.1449742615222931 8
1707783125358 0.1213357150554657 9
1707783125832 0.10267583280801773 10
1707783126306 0.08782154321670532 11
1707783126788 0.07568910717964172 12
1707783127268 0.06539221107959747 13
1707783127735 0.05675886198878288 14
1707783128215 0.049421362578868866 15
1707783128692 0.043189167976379395 16
1707783129163 0.037515267729759216 17
1707783129627 0.032433513551950455 18
1707783130099 0.027328304946422577 19
1707783130575 0.023703787475824356 20
1707783131046 0.02044881507754326 21
1707783131518 0.01783076673746109 22
1707783131987 0.015222900547087193 23
1707783132459 0.013589438050985336 24
1707783132929 0.012089874595403671 25
1707783133450 0.010456115007400513 26
1707783134066 0.009215976111590862 27
1707783134558 0.008541448041796684 28
1707783135039 0.007212636526674032 29
1707783135512 0.006395136471837759 30
1707783135989 0.005764342844486237 31
1707783136471 0.005218159407377243 32
1707783136952 0.004627186805009842 33
1707783137428 0.004510361701250076 34
1707783137915 0.0040203118696808815 35
1707783138391 0.003430697601288557 36
1707783138872 0.003479435807093978 37
1707783139354 0.003251507878303528 38
1707783139832 0.0026302156038582325 39
1707783140310 0.002470033708959818 40
1707783140799 0.002183479955419898 41
1707783141281 0.0020479538943618536 42
1707783141755 0.0019775554537773132 43
1707783142221 0.003457781160250306 44
1707783142713 0.0020511369220912457 45
1707783143197 0.0015978957526385784 46
1707783143669 0.0014393576420843601 47
1707783144145 0.0019186681602150202 48
1707783144631 0.0018011047504842281 49
1707783145109 0.0013286841567605734 50
1707783145588 0.0019497459288686514 51
1707783146059 0.0019704813603311777 52
1707783146533 0.0010533921886235476 53
1707783147024 0.000917350291274488 54
1707783147504 0.0007769762887619436 55
1707783148000 0.0007411047699861228 56
1707783148496 0.0007334252586588264 57
1707783148974 0.0013613427290692925 58
1707783149446 0.0018330164020881057 59
1707783149921 0.00068076909519732 60
1707783150405 0.0005425229319371283 61
1707783150880 0.0005465435679070652 62
1707783151357 0.0009236801997758448 63
1707783151840 0.0006751754553988576 64
1707783152320 0.0013312867376953363 65
1707783152807 0.00102564028929919 66
1707783153285 0.0004604796995408833 67
1707783153763 0.00037811166839674115 68
1707783154238 0.0003493357799015939 69
1707783154715 0.00032572439522482455 70
1707783155189 0.0002989117638207972 71
1707783155663 0.0002782203664537519 72
1707783156145 0.0006169123225845397 73
1707783156620 0.001200340106151998 74
1707783157107 0.00040101181366480887 75
1707783157584 0.0002439666714053601 76
1707783158067 0.00022759218700230122 77
1707783158546 0.00021715894399676472 78
1707783159044 0.0012187397805973887 79
1707783159535 0.0013337743002921343 80
1707783160019 0.00044784799683839083 81
1707783160547 0.00012569481623359025 82
1707783161156 0.000111940193164628 83
1707783161898 8.720706682652235e-05 84
1707783162476 7.607803127029911e-05 85
1707783163016 6.787934398744255e-05 86
1707783163520 6.06222492933739e-05 87
1707783164013 5.289749606163241e-05 88
1707783164517 4.552537575364113e-05 89
1707783165022 3.87395775760524e-05 90
1707783165522 3.31309565808624e-05 91
1707783166006 2.7014944862457924e-05 92
1707783166494 2.8342339646769688e-05 93
1707783166973 0.002464519115164876 94
1707783167461 0.0005656430148519576 95
1707783167935 0.0005397511413320899 96
1707783168418 0.00011566282773856074 97
1707783168899 0.00016027769015636295 98
1707783169381 2.608761133160442e-05 99
1707783169870 2.204429983976297e-05 100
1707783170380 2.0769053662661463e-05 101
1707783170903 1.9652425180538557e-05 102
1707783171423 1.8466384062776342e-05 103
1707783172060 1.7135504094767384e-05 104
1707783172861 1.5653624359401874e-05 105
1707783173391 1.4066916264710017e-05 106
1707783174091 1.2388830327836331e-05 107
1707783174689 1.0730259418778587e-05 108
1707783175282 9.147177479462698e-06 109
1707783175785 7.689702215429861e-06 110
1707783176345 6.405224667105358e-06 111
1707783177083 5.300385964801535e-06 112
1707783177938 4.3671007006196305e-06 113
1707783178648 3.589394054870354e-06 114
1707783179230 2.951920123450691e-06 115
1707783179738 2.4247349301731447e-06 116
1707783180329 2.000137783397804e-06 117
1707783180879 1.6531649862372433e-06 118
1707783181386 1.3729838883591583e-06 119
1707783181879 1.1461982012406224e-06 120
1707783182363 0.0026480164378881454 121
1707783182847 0.0014638291904702783 122
1707783183325 0.00038167473394423723 123
1707783183821 0.0005776165635325015 124
1707783184299 0.0009695775806903839 125
1707783184774 0.0014247782528400421 126
1707783185271 0.00026706510107032955 127
1707783185763 3.2520703825866804e-05 128
1707783186254 2.506612418073928e-06 129
1707783186725 1.8925543372461107e-06 130
1707783187224 1.6672482843205216e-06 131
1707783187911 1.5338260936914594e-06 132
1707783188664 1.4353985307025141e-06 133
1707783189342 1.3573110209108563e-06 134
1707783189883 1.2901618902105838e-06 135
1707783190463 1.2338624628682737e-06 136
1707783190958 1.1797629895227146e-06 137
1707783191424 1.1277314797553117e-06 138
1707783191986 1.0734484021668322e-06 139
1707783192568 1.0152526783713256e-06 140
1707783193137 9.510619634056638e-07 141
1707783193656 8.803667697065976e-07 142
1707783194149 8.04833973688801e-07 143
1707783194623 7.249185500768363e-07 144
1707783195099 6.449508873629384e-07 145
1707783195582 5.681424681824865e-07 146
1707783196051 4.971400926478964e-07 147
1707783196522 4.340459724971879e-07 148
1707783197001 3.789351410432573e-07 149
1707783197481 3.3193092008332314e-07 150
1707783197955 2.9206537988102355e-07 151
1707783198426 2.5837101702563814e-07 152
1707783198897 2.299796619809058e-07 153
1707783199402 2.0592109706285555e-07 154
1707783199879 1.8550782954207534e-07 155
1707783200351 1.6809306657705747e-07 156
1707783200865 1.5318082091653196e-07 157
1707783201345 1.4030875661319442e-07 158
1707783201825 1.2910649616060255e-07 159
1707783202316 1.1933835253330471e-07 160
1707783202784 1.1078558515009718e-07 161
1707783203268 1.0319295995486755e-07 162
1707783203744 9.650894128299115e-08 163
1707783204213 9.053977834128091e-08 164
1707783204682 8.514850691199172e-08 165
1707783205172 8.033480725089248e-08 166
1707783205645 7.601558138503606e-08 167
1707783206113 7.210733343754328e-08 168
1707783206583 6.851242062566598e-08 169
1707783207055 6.52142659873789e-08 170
1707783207522 6.222177262316109e-08 171
1707783208021 5.947842751652388e-08 172
1707783208487 5.694398552691382e-08 173
1707783208972 5.4612684152743896e-08 174
1707783209459 5.2468170252950586e-08 175
1707783209937 5.047017381798469e-08 176
1707783210408 4.85966573648966e-08 177
1707783210882 4.68394638630798e-08 178
1707783211357 4.519457874607724e-08 179
1707783211835 4.367006312122612e-08 180
1707783212327 4.226251704153583e-08 181
1707783212789 4.0946918744566574e-08 182
1707783213256 3.9700395859654236e-08 183
1707783213730 3.851397067933249e-08 184
1707783214211 3.738394127594802e-08 185
1707783214675 3.630342959581867e-08 186
1707783215146 3.527020098204048e-08 187
1707783215620 3.429172679147996e-08 188
1707783216097 3.336242571094772e-08 189
1707783216585 3.248439384151425e-08 190
1707783217067 3.1654465715291735e-08 191
1707783217540 3.087423650072196e-08 192
1707783218040 3.01364551091865e-08 193
1707783218542 2.9437599025072814e-08 194
1707783219031 2.8771685478545805e-08 195
1707783219525 2.8138330776528164e-08 196
1707783220029 2.7533339164165227e-08 197
1707783220537 2.6960115917518124e-08 198
1707783221193 2.6413335518782333e-08 199
1707783221716 2.5888336807611267e-08 200
1707783222225 2.5384331081568234e-08 201
1707783222712 2.4899740935779846e-08 202
1707783223214 2.4431534129121246e-08 203
1707783223696 2.3978461882734337e-08 204
1707783224182 2.3541058880027776e-08 205
1707783224653 2.3116950131907288e-08 206
1707783225131 2.270475008003814e-08 207
1707783225612 2.2305618685436457e-08 208
1707783226100 2.191745807067491e-08 209
1707783226581 2.1542836847743274e-08 210
1707783227059 2.1179634046575302e-08 211
1707783227521 2.0828801794436913e-08 212
1707783228020 2.0489020258196433e-08 213
1707783228520 2.0162820746350008e-08 214
1707783228986 1.9847576027132163e-08 215
1707783229485 1.9542243379078172e-08 216
1707783229985 1.9246149562945902e-08 217
1707783230484 1.89588593713097e-08 218
1707783230962 1.867953081102769e-08 219
1707783231449 1.840766294947116e-08 220
1707783231973 1.814314387615923e-08 221
1707783232456 1.7884254077671358e-08 222
1707783233020 1.763308254965068e-08 223
1707783233532 1.7386682316100632e-08 224
1707783234021 1.7147391062621864e-08 225
1707783234498 1.6912595768303618e-08 226
1707783234996 1.668313842628777e-08 227
1707783235487 1.645889469159556e-08 228
1707783235966 1.623936363159828e-08 229
1707783236462 1.6024712223838833e-08 230
1707783236947 1.58147006601439e-08 231
1707783237428 1.560926854438094e-08 232
1707783237895 1.540736072058735e-08 233
1707783238378 1.521065939869004e-08 234
1707783238861 1.5018565946434137e-08 235
1707783239362 1.4828918537546087e-08 236
1707783239852 1.4643803503133768e-08 237
1707783240359 1.4462846920082484e-08 238
1707783240870 1.4285821414716793e-08 239
1707783241358 1.4111626533974686e-08 240
1707783241841 1.3939478904489988e-08 241
1707783242324 1.3770852902439401e-08 242
1707783242808 1.3605609971989452e-08 243
1707783243298 1.3443786528455348e-08 244
1707783243771 1.3286288513825184e-08 245
1707783244259 1.3130748932610459e-08 246
1707783244748 1.2979132435475549e-08 247
1707783245222 1.2830629891880108e-08 248
1707783245721 1.2685000605472396e-08 249
1707783246187 1.2543559080313571e-08 250
1707783246683 1.2404187899051067e-08 251
1707783247169 1.2266261784077415e-08 252
1707783247653 1.2131764037803805e-08 253
1707783248127 1.200036248150127e-08 254
1707783248612 1.1871827965137527e-08 255
1707783249087 1.1746425165881647e-08 256
1707783249569 1.1623196627397192e-08 257
1707783250085 1.1499450280894052e-08 258
1707783250577 1.1377791153677208e-08 259
1707783251063 1.1258793897184205e-08 260
1707783251551 1.1143157507831347e-08 261
1707783252035 1.1030135915746087e-08 262
1707783252555 1.0919031012690539e-08 263
1707783253185 1.0809436901126901e-08 264
1707783253785 1.0701220354292218e-08 265
1707783254366 1.0595434751792254e-08 266
1707783254853 1.0493172553083241e-08 267
1707783255354 1.039273911374039e-08 268
1707783255829 1.0295188701547886e-08 269
1707783256295 1.0200000843951784e-08 270
1707783256778 1.0107015668836539e-08 271
1707783257269 1.0016545815005884e-08 272
1707783257751 9.92793758314292e-09 273
1707783258246 9.841585324465996e-09 274
1707783258733 9.757150642997203e-09 275
1707783259213 9.674945289361858e-09 276
1707783259692 9.594544714275344e-09 277
1707783260192 9.515928489634007e-09 278
1707783260691 9.439321324578032e-09 279
1707783261193 9.364204522910313e-09 280
1707783261670 9.29102927926806e-09 281
1707783262151 9.218735996796568e-09 282
1707783262630 9.146098989276652e-09 283
1707783263101 9.075601603569794e-09 284
1707783263572 9.005769463499291e-09 285
1707783264055 8.937970363831482e-09 286
1707783264521 8.871728240933408e-09 287
1707783265012 8.806872564548485e-09 288
1707783265485 8.743850088421823e-09 289
1707783265969 8.681650953690223e-09 290
1707783266455 8.621261926577972e-09 291
1707783266948 8.560292030779237e-09 292
1707783267420 8.50042525257777e-09 293
1707783267918 8.44199110616728e-09 294
1707783268410 8.384890115564758e-09 295
1707783268884 8.328854939065877e-09 296
1707783269383 8.274185780976495e-09 297
1707783269850 8.219767977379888e-09 298
1707783270337 8.165985221353367e-09 299
