1707979101622 0.09210000187158585 0
1707979102335 0.09380000084638596 1
1707979103033 0.14149999618530273 2
1707979103729 0.24320000410079956 3
1707979104665 0.37779998779296875 4
1707979105773 0.46389999985694885 5
1707979106859 0.5436999797821045 6
1707979107823 0.6162999868392944 7
1707979108591 0.6829000115394592 8
1707979109495 0.7480000257492065 9
1707979110472 0.7792999744415283 10
1707979111516 0.8008000254631042 11
1707979112472 0.8215000033378601 12
1707979113389 0.8248999714851379 13
1707979114088 0.8324000239372253 14
1707979115169 0.8399999737739563 15
1707979116138 0.8493000268936157 16
1707979116921 0.854200005531311 17
1707979117872 0.8621000051498413 18
1707979118793 0.8677999973297119 19
1707979119558 0.8726999759674072 20
1707979120382 0.8847000002861023 21
1707979121240 0.8999000191688538 22
1707979121946 0.9132999777793884 23
1707979122769 0.9228000044822693 24
1707979123737 0.9298999905586243 25
1707979124679 0.9366000294685364 26
1707979125370 0.9383000135421753 27
1707979126080 0.9434000253677368 28
1707979126777 0.9480999708175659 29
1707979127482 0.9492999911308289 30
1707979128175 0.9506999850273132 31
1707979128838 0.9549000263214111 32
1707979129544 0.9527999758720398 33
1707979130278 0.953000009059906 34
1707979130955 0.9523000121116638 35
1707979131679 0.9559999704360962 36
1707979132395 0.9588000178337097 37
1707979133130 0.9589999914169312 38
1707979133908 0.9610999822616577 39
1707979134908 0.9635999798774719 40
1707979135684 0.9639999866485596 41
1707979136482 0.9650999903678894 42
1707979137267 0.9634000062942505 43
1707979138020 0.961899995803833 44
1707979138845 0.963699996471405 45
1707979139594 0.9642000198364258 46
1707979140541 0.9639999866485596 47
1707979141342 0.9632999897003174 48
1707979142142 0.9661999940872192 49
1707979143149 0.9646000266075134 50
1707979144018 0.9671000242233276 51
1707979144840 0.9661999940872192 52
1707979145811 0.96670001745224 53
1707979146628 0.9681000113487244 54
1707979147396 0.9678999781608582 55
1707979148158 0.9697999954223633 56
1707979148970 0.9692999720573425 57
1707979149785 0.9678000211715698 58
1707979150555 0.9718000292778015 59
1707979151287 0.9703999757766724 60
1707979152183 0.9695000052452087 61
1707979152886 0.9685999751091003 62
1707979153618 0.974399983882904 63
1707979154386 0.9747999906539917 64
1707979155142 0.9726999998092651 65
1707979155913 0.972100019454956 66
1707979156792 0.9732999801635742 67
1707979157533 0.9728999733924866 68
1707979158449 0.9729999899864197 69
1707979159548 0.974399983882904 70
1707979160537 0.9768000245094299 71
1707979161332 0.9754999876022339 72
1707979162101 0.9729999899864197 73
1707979163214 0.973800003528595 74
1707979164203 0.9771000146865845 75
1707979164947 0.9757000207901001 76
1707979165862 0.9767000079154968 77
1707979166698 0.9743000268936157 78
1707979167419 0.9745000004768372 79
1707979168160 0.972100019454956 80
1707979168955 0.9750000238418579 81
1707979169810 0.9742000102996826 82
1707979170664 0.9757000207901001 83
1707979171373 0.9763000011444092 84
1707979172063 0.9783999919891357 85
1707979172942 0.9753999710083008 86
1707979173676 0.9757000207901001 87
1707979174376 0.9778000116348267 88
1707979175217 0.9751999974250793 89
1707979175943 0.980400025844574 90
1707979176671 0.9790999889373779 91
1707979177804 0.9771000146865845 92
1707979178657 0.9785000085830688 93
1707979179388 0.9767000079154968 94
1707979180091 0.980400025844574 95
1707979180868 0.9769999980926514 96
1707979181591 0.9782000184059143 97
1707979182367 0.9794999957084656 98
1707979183079 0.9769999980926514 99
1707979183857 0.9763000011444092 100
1707979184573 0.9782999753952026 101
1707979185320 0.9800999760627747 102
1707979186164 0.9786999821662903 103
1707979186940 0.9800000190734863 104
1707979187932 0.9818000197410583 105
1707979188839 0.9786999821662903 106
1707979189974 0.9835000038146973 107
1707979190884 0.9818999767303467 108
1707979191873 0.9794999957084656 109
1707979192650 0.9800000190734863 110
1707979193392 0.9801999926567078 111
1707979194127 0.9790999889373779 112
1707979194937 0.9807999730110168 113
1707979195874 0.9804999828338623 114
1707979196868 0.9811999797821045 115
1707979197603 0.9804999828338623 116
1707979198340 0.980400025844574 117
1707979199066 0.982699990272522 118
1707979199843 0.982200026512146 119
1707979200680 0.9794999957084656 120
1707979201404 0.9803000092506409 121
1707979202135 0.9807999730110168 122
1707979202855 0.982200026512146 123
1707979203695 0.9817000031471252 124
1707979204696 0.979200005531311 125
1707979205532 0.9815000295639038 126
1707979206642 0.9815000295639038 127
1707979207641 0.9800000190734863 128
1707979208576 0.9819999933242798 129
1707979209278 0.9825999736785889 130
1707979210107 0.9829000234603882 131
1707979211099 0.9811999797821045 132
1707979211818 0.9839000105857849 133
1707979212658 0.9837999939918518 134
1707979213777 0.9811000227928162 135
1707979214767 0.9819999933242798 136
1707979215918 0.9825000166893005 137
1707979216939 0.9812999963760376 138
1707979217747 0.980400025844574 139
1707979218527 0.9830999970436096 140
1707979219636 0.984000027179718 141
1707979220765 0.9835000038146973 142
1707979221766 0.9814000129699707 143
1707979222547 0.9804999828338623 144
1707979223505 0.982699990272522 145
1707979224415 0.9832000136375427 146
1707979225157 0.9828000068664551 147
1707979225924 0.9819999933242798 148
1707979226742 0.9840999841690063 149
1707979227444 0.9830999970436096 150
1707979228155 0.9836000204086304 151
1707979228887 0.9819999933242798 152
1707979229692 0.9836000204086304 153
1707979230463 0.9818999767303467 154
1707979231201 0.9822999835014343 155
1707979231993 0.9839000105857849 156
1707979232733 0.9818999767303467 157
1707979233495 0.9835000038146973 158
1707979234357 0.9829000234603882 159
1707979235249 0.9822999835014343 160
1707979235994 0.9836999773979187 161
1707979236844 0.9835000038146973 162
1707979237822 0.9829999804496765 163
1707979238542 0.9861999750137329 164
1707979239270 0.9832000136375427 165
1707979239985 0.9835000038146973 166
1707979240700 0.9839000105857849 167
1707979241452 0.983299970626831 168
1707979242267 0.9836999773979187 169
1707979243050 0.9842000007629395 170
1707979243841 0.9861000180244446 171
1707979244582 0.9843000173568726 172
1707979245403 0.983299970626831 173
1707979246320 0.982200026512146 174
1707979247187 0.9822999835014343 175
1707979248153 0.984499990940094 176
1707979248928 0.9836999773979187 177
1707979249874 0.9843999743461609 178
1707979250829 0.9833999872207642 179
1707979251603 0.9855999946594238 180
1707979252479 0.9847000241279602 181
1707979253201 0.9853000044822693 182
1707979253919 0.9850999712944031 183
1707979254901 0.9818999767303467 184
1707979255882 0.9842000007629395 185
1707979256607 0.9847999811172485 186
1707979257461 0.9840999841690063 187
1707979258224 0.98580002784729 188
1707979258969 0.9829999804496765 189
1707979260232 0.9829999804496765 190
1707979261027 0.987500011920929 191
1707979261970 0.9861000180244446 192
1707979262821 0.9847000241279602 193
1707979263819 0.9865999817848206 194
1707979264872 0.9865000247955322 195
1707979265788 0.9840999841690063 196
1707979266638 0.9843999743461609 197
1707979267487 0.9847999811172485 198
1707979268293 0.9868000149726868 199
1707979269136 0.9854000210762024 200
1707979269969 0.9858999848365784 201
1707979270823 0.9860000014305115 202
1707979271720 0.9873999953269958 203
1707979272664 0.9872000217437744 204
1707979273542 0.9872000217437744 205
1707979274432 0.9857000112533569 206
1707979275265 0.9848999977111816 207
1707979276115 0.9854000210762024 208
1707979277036 0.9872000217437744 209
1707979277994 0.9854999780654907 210
1707979278848 0.986299991607666 211
1707979279753 0.9843999743461609 212
1707979280628 0.9869999885559082 213
1707979281511 0.9860000014305115 214
1707979282396 0.9854999780654907 215
1707979283309 0.9857000112533569 216
1707979284206 0.9872999787330627 217
1707979285106 0.9848999977111816 218
1707979286007 0.9850000143051147 219
1707979286872 0.984499990940094 220
1707979287869 0.9857000112533569 221
1707979288686 0.9872000217437744 222
1707979289534 0.9837999939918518 223
1707979290405 0.9847999811172485 224
1707979291266 0.9876999855041504 225
1707979292125 0.9871000051498413 226
1707979293005 0.9865000247955322 227
1707979293864 0.9876999855041504 228
1707979294738 0.9871000051498413 229
1707979295610 0.9868999719619751 230
1707979296612 0.9843000173568726 231
1707979297479 0.9868999719619751 232
1707979298315 0.9855999946594238 233
1707979299156 0.9868999719619751 234
1707979299993 0.9861000180244446 235
1707979300858 0.9860000014305115 236
1707979301725 0.986299991607666 237
1707979302593 0.9872000217437744 238
1707979303457 0.9868999719619751 239
1707979304305 0.9872999787330627 240
1707979305225 0.9861000180244446 241
1707979306052 0.9889000058174133 242
1707979306919 0.9861000180244446 243
1707979307786 0.9872999787330627 244
1707979308633 0.986299991607666 245
1707979309479 0.9865999817848206 246
1707979310323 0.9886000156402588 247
1707979311132 0.9861000180244446 248
1707979311981 0.9854999780654907 249
1707979312866 0.9876999855041504 250
1707979313731 0.9873999953269958 251
1707979314547 0.9866999983787537 252
1707979315385 0.9869999885559082 253
1707979316232 0.9853000044822693 254
1707979317077 0.98580002784729 255
1707979317986 0.988099992275238 256
1707979318829 0.9857000112533569 257
1707979319668 0.9858999848365784 258
1707979320556 0.9853000044822693 259
1707979321426 0.98580002784729 260
1707979322268 0.9853000044822693 261
1707979323155 0.9894000291824341 262
1707979324054 0.9866999983787537 263
1707979324947 0.9873999953269958 264
1707979325817 0.9876999855041504 265
1707979326899 0.988099992275238 266
1707979327787 0.9861999750137329 267
1707979328615 0.9869999885559082 268
1707979329477 0.987500011920929 269
1707979330347 0.9853000044822693 270
1707979331200 0.987500011920929 271
1707979332068 0.9854000210762024 272
1707979332893 0.9883999824523926 273
1707979333738 0.9889000058174133 274
1707979334628 0.987500011920929 275
1707979335457 0.9876000285148621 276
1707979336245 0.9857000112533569 277
1707979337075 0.98580002784729 278
1707979337926 0.9847999811172485 279
1707979338738 0.9884999990463257 280
1707979339580 0.9873999953269958 281
1707979340433 0.988099992275238 282
1707979341282 0.9876999855041504 283
1707979342121 0.9861999750137329 284
1707979342999 0.987500011920929 285
1707979343856 0.9857000112533569 286
1707979344719 0.9865000247955322 287
1707979345579 0.9864000082015991 288
1707979346436 0.9865000247955322 289
1707979347299 0.9876000285148621 290
1707979348232 0.9890000224113464 291
1707979349095 0.9866999983787537 292
1707979350343 0.9858999848365784 293
1707979351151 0.987500011920929 294
1707979352477 0.9854000210762024 295
1707979353976 0.98580002784729 296
1707979355406 0.9865999817848206 297
1707979356623 0.9876000285148621 298
1707979357690 0.9904000163078308 299
