1707979101622 0.5304893255233765 0
1707979102335 0.3678372800350189 1
1707979103033 0.3355858325958252 2
1707979103729 0.31087130308151245 3
1707979104665 0.27939867973327637 4
1707979105773 0.24921441078186035 5
1707979106859 0.22363078594207764 6
1707979107823 0.20138007402420044 7
1707979108591 0.1828829050064087 8
1707979109495 0.16478565335273743 9
1707979110472 0.14892448484897614 10
1707979111516 0.13624946773052216 11
1707979112472 0.12447906285524368 12
1707979113389 0.11503079533576965 13
1707979114088 0.10846502333879471 14
1707979115169 0.10131486505270004 15
1707979116138 0.09497261047363281 16
1707979116921 0.09068959206342697 17
1707979117872 0.08765506744384766 18
1707979118793 0.08288184553384781 19
1707979119558 0.07956558465957642 20
1707979120382 0.07771158218383789 21
1707979121240 0.07324705272912979 22
1707979121946 0.06920062750577927 23
1707979122769 0.06664405018091202 24
1707979123737 0.06335923820734024 25
1707979124679 0.060184650123119354 26
1707979125370 0.05824205279350281 27
1707979126080 0.055853936821222305 28
1707979126777 0.052074987441301346 29
1707979127482 0.05038413405418396 30
1707979128175 0.04856085032224655 31
1707979128838 0.046200551092624664 32
1707979129544 0.045680731534957886 33
1707979130278 0.04519420489668846 34
1707979130955 0.04461415857076645 35
1707979131679 0.04163040593266487 36
1707979132395 0.040644656866788864 37
1707979133130 0.04071087762713432 38
1707979133908 0.03817214444279671 39
1707979134908 0.03749667853116989 40
1707979135684 0.03709970787167549 41
1707979136482 0.035400282591581345 42
1707979137267 0.036547672003507614 43
1707979138020 0.035593464970588684 44
1707979138845 0.03495718538761139 45
1707979139594 0.034079112112522125 46
1707979140541 0.03327303007245064 47
1707979141342 0.03412247076630592 48
1707979142142 0.032677799463272095 49
1707979143149 0.03256260231137276 50
1707979144018 0.03140771761536598 51
1707979144840 0.031715620309114456 52
1707979145811 0.031673531979322433 53
1707979146628 0.031020047143101692 54
1707979147396 0.029155554249882698 55
1707979148158 0.029540719464421272 56
1707979148970 0.028707699850201607 57
1707979149785 0.02999708615243435 58
1707979150555 0.02790333516895771 59
1707979151287 0.02713221125304699 60
1707979152183 0.02810434252023697 61
1707979152886 0.029392676427960396 62
1707979153618 0.025513388216495514 63
1707979154386 0.024690691381692886 64
1707979155142 0.026264483109116554 65
1707979155913 0.02678593061864376 66
1707979156792 0.02564506232738495 67
1707979157533 0.025950778275728226 68
1707979158449 0.02541489154100418 69
1707979159548 0.024306491017341614 70
1707979160537 0.023181337863206863 71
1707979161332 0.023082464933395386 72
1707979162101 0.025683755055069923 73
1707979163214 0.02519356645643711 74
1707979164203 0.022458408027887344 75
1707979164947 0.023158954456448555 76
1707979165862 0.021664969623088837 77
1707979166698 0.02469455637037754 78
1707979167419 0.02310875616967678 79
1707979168160 0.02413211762905121 80
1707979168955 0.024298446252942085 81
1707979169810 0.023762419819831848 82
1707979170664 0.023475855588912964 83
1707979171373 0.02310793660581112 84
1707979172063 0.021127108484506607 85
1707979172942 0.022555284202098846 86
1707979173676 0.022416982799768448 87
1707979174376 0.02072046883404255 88
1707979175217 0.021941497921943665 89
1707979175943 0.019945714622735977 90
1707979176671 0.019904663786292076 91
1707979177804 0.02111976407468319 92
1707979178657 0.02018359676003456 93
1707979179388 0.02082621492445469 94
1707979180091 0.019727006554603577 95
1707979180868 0.02105077914893627 96
1707979181591 0.019181543961167336 97
1707979182367 0.019238945096731186 98
1707979183079 0.021009836345911026 99
1707979183857 0.020492462441325188 100
1707979184573 0.02005714736878872 101
1707979185320 0.019379548728466034 102
1707979186164 0.01980101875960827 103
1707979186940 0.018997175619006157 104
1707979187932 0.017982039600610733 105
1707979188839 0.019712690263986588 106
1707979189974 0.01673544943332672 107
1707979190884 0.018051084131002426 108
1707979191873 0.01906459778547287 109
1707979192650 0.01842774637043476 110
1707979193392 0.0180354081094265 111
1707979194127 0.0188769344240427 112
1707979194937 0.017782505601644516 113
1707979195874 0.018816638737916946 114
1707979196868 0.01719817891716957 115
1707979197603 0.01816960796713829 116
1707979198340 0.01869269832968712 117
1707979199066 0.01656138151884079 118
1707979199843 0.017668113112449646 119
1707979200680 0.017363132908940315 120
1707979201404 0.018113644793629646 121
1707979202135 0.017555901780724525 122
1707979202855 0.01679423078894615 123
1707979203695 0.017301032319664955 124
1707979204696 0.0183543860912323 125
1707979205532 0.016547681763768196 126
1707979206642 0.0166231207549572 127
1707979207641 0.01812859997153282 128
1707979208576 0.016855653375387192 129
1707979209278 0.016185255721211433 130
1707979210107 0.015417521819472313 131
1707979211099 0.016494231298565865 132
1707979211818 0.01578240841627121 133
1707979212658 0.014787702821195126 134
1707979213777 0.01703549176454544 135
1707979214767 0.016903527081012726 136
1707979215918 0.0155857028439641 137
1707979216939 0.01590520702302456 138
1707979217747 0.01857149228453636 139
1707979218527 0.015614239498972893 140
1707979219636 0.015616347081959248 141
1707979220765 0.015247832052409649 142
1707979221766 0.015773959457874298 143
1707979222547 0.01702062599360943 144
1707979223505 0.016496341675519943 145
1707979224415 0.01492511760443449 146
1707979225157 0.01553384680300951 147
1707979225924 0.01663355715572834 148
1707979226742 0.014759360812604427 149
1707979227444 0.015569722279906273 150
1707979228155 0.01538825873285532 151
1707979228887 0.015685245394706726 152
1707979229692 0.016491563990712166 153
1707979230463 0.016110599040985107 154
1707979231201 0.016047155484557152 155
1707979231993 0.014662369154393673 156
1707979232733 0.01637084037065506 157
1707979233495 0.01483624242246151 158
1707979234357 0.015224853530526161 159
1707979235249 0.015046296641230583 160
1707979235994 0.015476902946829796 161
1707979236844 0.015037916600704193 162
1707979237822 0.014771910384297371 163
1707979238542 0.013233398087322712 164
1707979239270 0.015376836992800236 165
1707979239985 0.015036149881780148 166
1707979240700 0.014744543470442295 167
1707979241452 0.015611041337251663 168
1707979242267 0.013904256746172905 169
1707979243050 0.014686096459627151 170
1707979243841 0.013390067964792252 171
1707979244582 0.013584068045020103 172
1707979245403 0.014712678268551826 173
1707979246320 0.016036538407206535 174
1707979247187 0.01536287646740675 175
1707979248153 0.013789212331175804 176
1707979248928 0.014312910847365856 177
1707979249874 0.014811210334300995 178
1707979250829 0.014950131066143513 179
1707979251603 0.0128399096429348 180
1707979252479 0.013792748562991619 181
1707979253201 0.013055667281150818 182
1707979253919 0.013689274899661541 183
1707979254901 0.01584520936012268 184
1707979255882 0.013441470451653004 185
1707979256607 0.013415968045592308 186
1707979257461 0.013894539326429367 187
1707979258224 0.012894360348582268 188
1707979258969 0.015291723422706127 189
1707979260232 0.014651580713689327 190
1707979261027 0.012162510305643082 191
1707979261970 0.012672237120568752 192
1707979262821 0.013009384274482727 193
1707979263819 0.012635434046387672 194
1707979264872 0.012621412985026836 195
1707979265788 0.01408361829817295 196
1707979266638 0.012470544315874577 197
1707979267487 0.014117561280727386 198
1707979268293 0.01319531723856926 199
1707979269136 0.014823208563029766 200
1707979269969 0.013013612478971481 201
1707979270823 0.0120167825371027 202
1707979271720 0.012756363488733768 203
1707979272664 0.012019691057503223 204
1707979273542 0.012248808518052101 205
1707979274432 0.013099858537316322 206
1707979275265 0.013541088439524174 207
1707979276115 0.013780586421489716 208
1707979277036 0.011894166469573975 209
1707979277994 0.013603915460407734 210
1707979278848 0.012772683054208755 211
1707979279753 0.014177178964018822 212
1707979280628 0.012100585736334324 213
1707979281511 0.012835548259317875 214
1707979282396 0.013047732412815094 215
1707979283309 0.013662023469805717 216
1707979284206 0.011777417734265327 217
1707979285106 0.013662053272128105 218
1707979286007 0.013180699199438095 219
1707979286872 0.013974137604236603 220
1707979287869 0.012241515330970287 221
1707979288686 0.012395755387842655 222
1707979289534 0.014280401170253754 223
1707979290405 0.01345939189195633 224
1707979291266 0.011438947170972824 225
1707979292125 0.011804253794252872 226
1707979293005 0.012783641926944256 227
1707979293864 0.011802580207586288 228
1707979294738 0.011864598840475082 229
1707979295610 0.011839999817311764 230
1707979296612 0.01330694742500782 231
1707979297479 0.0129150515422225 232
1707979298315 0.012292024679481983 233
1707979299156 0.0117768794298172 234
1707979299993 0.013004965148866177 235
1707979300858 0.011894654482603073 236
1707979301725 0.011897462420165539 237
1707979302593 0.012332212179899216 238
1707979303457 0.011341432109475136 239
1707979304305 0.011492723599076271 240
1707979305225 0.012329058721661568 241
1707979306052 0.011513404548168182 242
1707979306919 0.012420078739523888 243
1707979307786 0.012341788038611412 244
1707979308633 0.011722832918167114 245
1707979309479 0.012165460735559464 246
1707979310323 0.010913677513599396 247
1707979311132 0.012794389389455318 248
1707979311981 0.013005923479795456 249
1707979312866 0.010717060416936874 250
1707979313731 0.011767805553972721 251
1707979314547 0.011930839158594608 252
1707979315385 0.011211805045604706 253
1707979316232 0.013258666731417179 254
1707979317077 0.012361394241452217 255
1707979317986 0.011597378179430962 256
1707979318829 0.011878265999257565 257
1707979319668 0.012082871980965137 258
1707979320556 0.012079402804374695 259
1707979321426 0.012594044208526611 260
1707979322268 0.012456705793738365 261
1707979323155 0.010439646430313587 262
1707979324054 0.01161818578839302 263
1707979324947 0.011488188058137894 264
1707979325817 0.011669312603771687 265
1707979326899 0.010952120646834373 266
1707979327787 0.011745375581085682 267
1707979328615 0.011378750205039978 268
1707979329477 0.010758612304925919 269
1707979330347 0.012060074135661125 270
1707979331200 0.012173403054475784 271
1707979332068 0.01215440221130848 272
1707979332893 0.010713066905736923 273
1707979333738 0.010207978077232838 274
1707979334628 0.011928717605769634 275
1707979335457 0.011352433823049068 276
1707979336245 0.011512817814946175 277
1707979337075 0.012080595828592777 278
1707979337926 0.012609407305717468 279
1707979338738 0.011500433087348938 280
1707979339580 0.011347740888595581 281
1707979340433 0.010640187188982964 282
1707979341282 0.01076629851013422 283
1707979342121 0.011616072617471218 284
1707979342999 0.011012217961251736 285
1707979343856 0.011741911061108112 286
1707979344719 0.011065530590713024 287
1707979345579 0.011666961945593357 288
1707979346436 0.011506815440952778 289
1707979347299 0.01088596973568201 290
1707979348232 0.010279813781380653 291
1707979349095 0.011884783394634724 292
1707979350343 0.01153569482266903 293
1707979351151 0.010734733194112778 294
1707979352477 0.011225462891161442 295
1707979353976 0.012501743622124195 296
1707979355406 0.012314165011048317 297
1707979356623 0.011697661131620407 298
1707979357690 0.009772123768925667 299
