1707982009172 0.1145000010728836 0
1707982009678 0.09910000115633011 1
1707982010204 0.13410000503063202 2
1707982010721 0.288100004196167 3
1707982011236 0.36890000104904175 4
1707982011752 0.39500001072883606 5
1707982012261 0.42910000681877136 6
1707982012775 0.48170000314712524 7
1707982013291 0.5601000189781189 8
1707982013806 0.6191999912261963 9
1707982014315 0.6506999731063843 10
1707982014822 0.6829000115394592 11
1707982015335 0.715399980545044 12
1707982015848 0.7390000224113464 13
1707982016357 0.767300009727478 14
1707982016889 0.7978000044822693 15
1707982017405 0.8130000233650208 16
1707982017922 0.8299999833106995 17
1707982018440 0.8360999822616577 18
1707982018939 0.8482000231742859 19
1707982019439 0.8562999963760376 20
1707982019950 0.8629999756813049 21
1707982020475 0.871999979019165 22
1707982020976 0.8784999847412109 23
1707982021484 0.8794999718666077 24
1707982021991 0.8852999806404114 25
1707982022481 0.8855999708175659 26
1707982022985 0.8924999833106995 27
1707982023489 0.8946999907493591 28
1707982023994 0.8949999809265137 29
1707982024493 0.8967999815940857 30
1707982024986 0.8999999761581421 31
1707982025486 0.8999999761581421 32
1707982025985 0.9034000039100647 33
1707982026480 0.9021000266075134 34
1707982026981 0.902899980545044 35
1707982027479 0.9082000255584717 36
1707982028001 0.9097999930381775 37
1707982028503 0.9093000292778015 38
1707982029011 0.9090999960899353 39
1707982029512 0.9121999740600586 40
1707982030032 0.9129999876022339 41
1707982030529 0.9146000146865845 42
1707982031035 0.9150999784469604 43
1707982031526 0.9138000011444092 44
1707982032031 0.9172000288963318 45
1707982032528 0.9189000129699707 46
1707982033027 0.9210000038146973 47
1707982033539 0.9229000210762024 48
1707982034044 0.9233999848365784 49
1707982034540 0.9264000058174133 50
1707982035034 0.9262999892234802 51
1707982035526 0.9265999794006348 52
1707982036031 0.9261999726295471 53
1707982036525 0.9276000261306763 54
1707982037032 0.9291999936103821 55
1707982037536 0.9311000108718872 56
1707982038054 0.9312999844551086 57
1707982038554 0.9329000115394592 58
1707982039065 0.9333999752998352 59
1707982039560 0.9326000213623047 60
1707982040059 0.9344000220298767 61
1707982040555 0.9370999932289124 62
1707982041052 0.9365000128746033 63
1707982041552 0.935699999332428 64
1707982042061 0.9380000233650208 65
1707982042564 0.9372000098228455 66
1707982043069 0.9387999773025513 67
1707982043565 0.9423999786376953 68
1707982044066 0.9402999877929688 69
1707982044570 0.9420999884605408 70
1707982045079 0.9437999725341797 71
1707982045581 0.9402999877929688 72
1707982046078 0.9429000020027161 73
1707982046564 0.9438999891281128 74
1707982047060 0.9419000148773193 75
1707982047553 0.9448999762535095 76
1707982048050 0.9434999823570251 77
1707982048545 0.9463000297546387 78
1707982049044 0.9459999799728394 79
1707982049543 0.9458000063896179 80
1707982050038 0.9463000297546387 81
1707982050537 0.945900022983551 82
1707982051034 0.9498999714851379 83
1707982051530 0.9483000040054321 84
1707982052028 0.9498999714851379 85
1707982052538 0.9498999714851379 86
1707982053035 0.9466999769210815 87
1707982053550 0.9492999911308289 88
1707982054047 0.9473000168800354 89
1707982054546 0.9490000009536743 90
1707982055040 0.9478999972343445 91
1707982055539 0.9466999769210815 92
1707982056042 0.9502000212669373 93
1707982056549 0.949999988079071 94
1707982057055 0.9523000121116638 95
1707982057561 0.95169997215271 96
1707982058065 0.9502999782562256 97
1707982058588 0.953000009059906 98
1707982059085 0.9513999819755554 99
1707982059596 0.9526000022888184 100
1707982060102 0.9520999789237976 101
1707982060604 0.9546999931335449 102
1707982061114 0.9539999961853027 103
1707982061608 0.954200029373169 104
1707982062110 0.954800009727478 105
1707982062611 0.953000009059906 106
1707982063117 0.9537000060081482 107
1707982063632 0.9545000195503235 108
1707982064152 0.9531000256538391 109
1707982064656 0.9545000195503235 110
1707982065157 0.9527999758720398 111
1707982065661 0.9541000127792358 112
1707982066172 0.9549999833106995 113
1707982066688 0.9549999833106995 114
1707982067190 0.9578999876976013 115
1707982067690 0.9539999961853027 116
1707982068194 0.9549999833106995 117
1707982068698 0.9559999704360962 118
1707982069191 0.9562000036239624 119
1707982069696 0.9556999802589417 120
1707982070201 0.9587000012397766 121
1707982070722 0.9559999704360962 122
1707982071223 0.9581000208854675 123
1707982071719 0.9581999778747559 124
1707982072220 0.9571999907493591 125
1707982072716 0.9559000134468079 126
1707982073222 0.9581000208854675 127
1707982073717 0.958299994468689 128
1707982074212 0.9581999778747559 129
1707982074714 0.9584000110626221 130
1707982075216 0.9555000066757202 131
1707982075719 0.9585000276565552 132
1707982076214 0.9577999711036682 133
1707982076713 0.9596999883651733 134
1707982077212 0.9595999717712402 135
1707982077712 0.9564999938011169 136
1707982078224 0.9595000147819519 137
1707982078725 0.9599000215530396 138
1707982079220 0.9595000147819519 139
1707982079719 0.9607999920845032 140
1707982080230 0.9593999981880188 141
1707982080720 0.9595999717712402 142
1707982081225 0.9585000276565552 143
1707982081725 0.960099995136261 144
1707982082230 0.9599000215530396 145
1707982082745 0.9585000276565552 146
1707982083266 0.9585999846458435 147
1707982083771 0.9606000185012817 148
1707982084280 0.9603000283241272 149
1707982084770 0.9602000117301941 150
1707982085273 0.9588000178337097 151
1707982085773 0.9609000086784363 152
1707982086277 0.9591000080108643 153
1707982086774 0.9621000289916992 154
1707982087273 0.9609000086784363 155
1707982087767 0.9605000019073486 156
1707982088266 0.9593999981880188 157
1707982088758 0.9587000012397766 158
1707982089260 0.9625999927520752 159
1707982089753 0.9589999914169312 160
1707982090252 0.9606000185012817 161
1707982090751 0.9603000283241272 162
1707982091250 0.9591000080108643 163
1707982091745 0.9617000222206116 164
1707982092246 0.961899995803833 165
1707982092745 0.9623000025749207 166
1707982093242 0.9596999883651733 167
1707982093742 0.9610999822616577 168
1707982094250 0.9621999859809875 169
1707982094749 0.963100016117096 170
1707982095245 0.9614999890327454 171
1707982095741 0.9638000130653381 172
1707982096253 0.9624000191688538 173
1707982096753 0.9629999995231628 174
1707982097251 0.9620000123977661 175
1707982097757 0.9639999866485596 176
1707982098360 0.9620000123977661 177
1707982098871 0.9614999890327454 178
1707982099360 0.9632999897003174 179
1707982099861 0.9634000062942505 180
1707982100360 0.9628999829292297 181
1707982100865 0.9624000191688538 182
1707982101356 0.9603000283241272 183
1707982101854 0.9642999768257141 184
1707982102384 0.9639000296592712 185
1707982102891 0.9625999927520752 186
1707982103401 0.9632999897003174 187
1707982103895 0.9642000198364258 188
1707982104413 0.9634000062942505 189
1707982104911 0.9629999995231628 190
1707982105417 0.9629999995231628 191
1707982105911 0.9628999829292297 192
1707982106407 0.9625999927520752 193
1707982106909 0.9648000001907349 194
1707982107419 0.9666000008583069 195
1707982107918 0.9661999940872192 196
1707982108427 0.9611999988555908 197
1707982108929 0.9646999835968018 198
1707982109440 0.9659000039100647 199
1707982109940 0.9639000296592712 200
1707982110450 0.9646999835968018 201
1707982110946 0.965399980545044 202
1707982111445 0.9606999754905701 203
1707982111938 0.963699996471405 204
1707982112438 0.965499997138977 205
1707982112935 0.9661999940872192 206
1707982113430 0.9649999737739563 207
1707982113932 0.9657999873161316 208
1707982114441 0.9666000008583069 209
1707982114947 0.9650999903678894 210
1707982115447 0.9629999995231628 211
1707982115946 0.9656000137329102 212
1707982116498 0.9643999934196472 213
1707982116997 0.9677000045776367 214
1707982117493 0.9624999761581421 215
1707982117983 0.9639000296592712 216
1707982118484 0.965399980545044 217
1707982118995 0.9684000015258789 218
1707982119497 0.9645000100135803 219
1707982120008 0.9656000137329102 220
1707982120520 0.9663000106811523 221
1707982121023 0.9664999842643738 222
1707982121523 0.967199981212616 223
1707982122025 0.9685999751091003 224
1707982122538 0.9677000045776367 225
1707982123047 0.9672999978065491 226
1707982123561 0.9674000144004822 227
1707982124069 0.9635000228881836 228
1707982124573 0.9664999842643738 229
1707982125080 0.9656000137329102 230
1707982125589 0.9670000076293945 231
1707982126105 0.9677000045776367 232
1707982126612 0.9679999947547913 233
1707982127124 0.9695000052452087 234
1707982127625 0.9660000205039978 235
1707982128128 0.9652000069618225 236
1707982128627 0.9661999940872192 237
1707982129143 0.9668999910354614 238
1707982129644 0.967199981212616 239
1707982130146 0.9641000032424927 240
1707982130646 0.9686999917030334 241
1707982131160 0.9677000045776367 242
1707982131664 0.967199981212616 243
1707982132181 0.9670000076293945 244
1707982132696 0.9672999978065491 245
1707982133202 0.9666000008583069 246
1707982133711 0.9700000286102295 247
1707982134216 0.9670000076293945 248
1707982134737 0.9678000211715698 249
1707982135245 0.9693999886512756 250
1707982135745 0.9663000106811523 251
1707982136266 0.9674000144004822 252
1707982136842 0.9692000150680542 253
1707982137369 0.9682999849319458 254
1707982137861 0.9675999879837036 255
1707982138367 0.9674999713897705 256
1707982138873 0.9678000211715698 257
1707982139368 0.9664000272750854 258
1707982139861 0.9682000279426575 259
1707982140383 0.9672999978065491 260
1707982140913 0.9689000248908997 261
1707982141420 0.9684000015258789 262
1707982141917 0.9674999713897705 263
1707982142409 0.9695000052452087 264
1707982143004 0.9649999737739563 265
1707982143507 0.9689000248908997 266
1707982144105 0.9678999781608582 267
1707982144612 0.9689000248908997 268
1707982145131 0.9685999751091003 269
1707982145631 0.9685999751091003 270
1707982146137 0.9692000150680542 271
1707982146628 0.9689000248908997 272
1707982147141 0.9685999751091003 273
1707982147642 0.9688000082969666 274
1707982148147 0.9661999940872192 275
1707982148649 0.9697999954223633 276
1707982149154 0.9703999757766724 277
1707982149650 0.9681000113487244 278
1707982150150 0.9661999940872192 279
1707982150648 0.9692000150680542 280
1707982151170 0.9707000255584717 281
1707982151675 0.9677000045776367 282
1707982152177 0.9679999947547913 283
1707982152675 0.9664999842643738 284
1707982153174 0.968500018119812 285
1707982153694 0.9699000120162964 286
1707982154230 0.9664999842643738 287
1707982154729 0.9696000218391418 288
1707982155230 0.9692000150680542 289
1707982155725 0.9682000279426575 290
1707982156226 0.9688000082969666 291
1707982156731 0.9696000218391418 292
1707982157230 0.9649999737739563 293
1707982157752 0.9682000279426575 294
1707982158300 0.9682999849319458 295
1707982158822 0.9711999893188477 296
1707982159382 0.9713000059127808 297
1707982159885 0.9670000076293945 298
1707982160381 0.9664999842643738 299
