1707982009172 0.6306945085525513 0
1707982009678 0.39931821823120117 1
1707982010204 0.3623259961605072 2
1707982010721 0.3430977165699005 3
1707982011236 0.3194815218448639 4
1707982011752 0.2992124855518341 5
1707982012261 0.28192391991615295 6
1707982012775 0.26623278856277466 7
1707982013291 0.2535904049873352 8
1707982013806 0.24158097803592682 9
1707982014315 0.23009006679058075 10
1707982014822 0.22028818726539612 11
1707982015335 0.21137093007564545 12
1707982015848 0.202768936753273 13
1707982016357 0.19485598802566528 14
1707982016889 0.18740448355674744 15
1707982017405 0.18043379485607147 16
1707982017922 0.17390327155590057 17
1707982018440 0.16793940961360931 18
1707982018939 0.16211599111557007 19
1707982019439 0.15673953294754028 20
1707982019950 0.15240497887134552 21
1707982020475 0.14823101460933685 22
1707982020976 0.14434190094470978 23
1707982021484 0.14177043735980988 24
1707982021991 0.1387539952993393 25
1707982022481 0.13622382283210754 26
1707982022985 0.13352704048156738 27
1707982023489 0.1318298876285553 28
1707982023994 0.129958838224411 29
1707982024493 0.12818405032157898 30
1707982024986 0.12643909454345703 31
1707982025486 0.125550776720047 32
1707982025985 0.12400832772254944 33
1707982026480 0.1229536384344101 34
1707982026981 0.1218002662062645 35
1707982027479 0.12057026475667953 36
1707982028001 0.11931613832712173 37
1707982028503 0.11861786246299744 38
1707982029011 0.11784090846776962 39
1707982029512 0.11673426628112793 40
1707982030032 0.11629913002252579 41
1707982030529 0.11470239609479904 42
1707982031035 0.1142209991812706 43
1707982031526 0.11413475126028061 44
1707982032031 0.11293918639421463 45
1707982032528 0.11207494884729385 46
1707982033027 0.11121794581413269 47
1707982033539 0.11051113158464432 48
1707982034044 0.10984935611486435 49
1707982034540 0.10887040942907333 50
1707982035034 0.10859169811010361 51
1707982035526 0.10792604088783264 52
1707982036031 0.10723669081926346 53
1707982036525 0.10681228339672089 54
1707982037032 0.10596815496683121 55
1707982037536 0.10543808341026306 56
1707982038054 0.10498494654893875 57
1707982038554 0.10475093126296997 58
1707982039065 0.10351665318012238 59
1707982039560 0.1040741354227066 60
1707982040059 0.10311813652515411 61
1707982040555 0.10269345343112946 62
1707982041052 0.10177925229072571 63
1707982041552 0.10157565027475357 64
1707982042061 0.10066089779138565 65
1707982042564 0.10054871439933777 66
1707982043069 0.1002553254365921 67
1707982043565 0.09940014779567719 68
1707982044066 0.09970340132713318 69
1707982044570 0.09886930882930756 70
1707982045079 0.09816008806228638 71
1707982045581 0.09854298084974289 72
1707982046078 0.09772354364395142 73
1707982046564 0.09728951752185822 74
1707982047060 0.09754601120948792 75
1707982047553 0.09664115309715271 76
1707982048050 0.09656033664941788 77
1707982048545 0.09569321572780609 78
1707982049044 0.09613994508981705 79
1707982049543 0.09594114869832993 80
1707982050038 0.09546065330505371 81
1707982050537 0.0955054834485054 82
1707982051034 0.09434061497449875 83
1707982051530 0.09441181272268295 84
1707982052028 0.09365301579236984 85
1707982052538 0.09381213039159775 86
1707982053035 0.09391217678785324 87
1707982053550 0.09328779578208923 88
1707982054047 0.09367705881595612 89
1707982054546 0.09303666651248932 90
1707982055040 0.0926804393529892 91
1707982055539 0.09298204630613327 92
1707982056042 0.09233038127422333 93
1707982056549 0.09242959320545197 94
1707982057055 0.09140144288539886 95
1707982057561 0.09153708815574646 96
1707982058065 0.09164227545261383 97
1707982058588 0.0913550928235054 98
1707982059085 0.09131691604852676 99
1707982059596 0.0907459631562233 100
1707982060102 0.09102284908294678 101
1707982060604 0.09007254987955093 102
1707982061114 0.08984186500310898 103
1707982061608 0.09020733833312988 104
1707982062110 0.08977212756872177 105
1707982062611 0.08977966010570526 106
1707982063117 0.08976905792951584 107
1707982063632 0.08942876756191254 108
1707982064152 0.08927237242460251 109
1707982064656 0.08907154947519302 110
1707982065157 0.08920279145240784 111
1707982065661 0.08864512294530869 112
1707982066172 0.0883079320192337 113
1707982066688 0.08874641358852386 114
1707982067190 0.08764622360467911 115
1707982067690 0.08843070268630981 116
1707982068194 0.08830495178699493 117
1707982068698 0.08759687095880508 118
1707982069191 0.08770687133073807 119
1707982069696 0.08780926465988159 120
1707982070201 0.08719440549612045 121
1707982070722 0.08752729743719101 122
1707982071223 0.08675595372915268 123
1707982071719 0.08670242875814438 124
1707982072220 0.08664830029010773 125
1707982072716 0.08693637698888779 126
1707982073222 0.08624998480081558 127
1707982073717 0.08611896634101868 128
1707982074212 0.08622557669878006 129
1707982074714 0.08634732663631439 130
1707982075216 0.08699104189872742 131
1707982075719 0.0856250748038292 132
1707982076214 0.08573881536722183 133
1707982076713 0.08522825688123703 134
1707982077212 0.08508776873350143 135
1707982077712 0.08585233986377716 136
1707982078224 0.08512665331363678 137
1707982078725 0.08491137623786926 138
1707982079220 0.08518160879611969 139
1707982079719 0.08448000997304916 140
1707982080230 0.08499197661876678 141
1707982080720 0.08464418351650238 142
1707982081225 0.08484195917844772 143
1707982081725 0.08459136635065079 144
1707982082230 0.08464279025793076 145
1707982082745 0.08470607548952103 146
1707982083266 0.0844433382153511 147
1707982083771 0.0839981660246849 148
1707982084280 0.08337251096963882 149
1707982084770 0.08423064649105072 150
1707982085273 0.08391574770212173 151
1707982085773 0.0837324932217598 152
1707982086277 0.08450943976640701 153
1707982086774 0.08336003124713898 154
1707982087273 0.08348046988248825 155
1707982087767 0.08359216153621674 156
1707982088266 0.08420956134796143 157
1707982088758 0.08380728214979172 158
1707982089260 0.0831986665725708 159
1707982089753 0.08426406234502792 160
1707982090252 0.0835714265704155 161
1707982090751 0.08380210399627686 162
1707982091250 0.08367347717285156 163
1707982091745 0.08290520310401917 164
1707982092246 0.08277279883623123 165
1707982092745 0.08243123441934586 166
1707982093242 0.08343713730573654 167
1707982093742 0.0828397274017334 168
1707982094250 0.0824202299118042 169
1707982094749 0.08231505006551743 170
1707982095245 0.08305542171001434 171
1707982095741 0.0821065902709961 172
1707982096253 0.08253680914640427 173
1707982096753 0.08268748223781586 174
1707982097251 0.08242116868495941 175
1707982097757 0.08194286376237869 176
1707982098360 0.08207161724567413 177
1707982098871 0.08237509429454803 178
1707982099360 0.08194883167743683 179
1707982099861 0.08175428956747055 180
1707982100360 0.08212106674909592 181
1707982100865 0.0819789320230484 182
1707982101356 0.08216201514005661 183
1707982101854 0.08158104121685028 184
1707982102384 0.08140045404434204 185
1707982102891 0.08190638571977615 186
1707982103401 0.08172013610601425 187
1707982103895 0.08154544979333878 188
1707982104413 0.08179540187120438 189
1707982104911 0.0817236602306366 190
1707982105417 0.08142197132110596 191
1707982105911 0.08144808560609818 192
1707982106407 0.08160226792097092 193
1707982106909 0.08079267293214798 194
1707982107419 0.08059079945087433 195
1707982107918 0.0810341164469719 196
1707982108427 0.08190253376960754 197
1707982108929 0.0810977891087532 198
1707982109440 0.08036430925130844 199
1707982109940 0.08112215995788574 200
1707982110450 0.08085854351520538 201
1707982110946 0.08062968403100967 202
1707982111445 0.08235523104667664 203
1707982111938 0.08093269169330597 204
1707982112438 0.08015983551740646 205
1707982112935 0.07996388524770737 206
1707982113430 0.079964779317379 207
1707982113932 0.08012084662914276 208
1707982114441 0.07992776483297348 209
1707982114947 0.08042819797992706 210
1707982115447 0.08103489130735397 211
1707982115946 0.07990327477455139 212
1707982116498 0.08007580041885376 213
1707982116997 0.07954517751932144 214
1707982117493 0.08037646859884262 215
1707982117983 0.0804772675037384 216
1707982118484 0.08012232929468155 217
1707982118995 0.0788128450512886 218
1707982119497 0.07977106422185898 219
1707982120008 0.07955516874790192 220
1707982120520 0.07933536171913147 221
1707982121023 0.07976748794317245 222
1707982121523 0.07920696586370468 223
1707982122025 0.07910937815904617 224
1707982122538 0.07914777845144272 225
1707982123047 0.07954110950231552 226
1707982123561 0.07869023084640503 227
1707982124069 0.07957305014133453 228
1707982124573 0.07887826859951019 229
1707982125080 0.07935033738613129 230
1707982125589 0.07898984849452972 231
1707982126105 0.07876594364643097 232
1707982126612 0.07863637059926987 233
1707982127124 0.07842393964529037 234
1707982127625 0.07960700988769531 235
1707982128128 0.0794825404882431 236
1707982128627 0.07940679043531418 237
1707982129143 0.07857072353363037 238
1707982129644 0.07828637957572937 239
1707982130146 0.07921113818883896 240
1707982130646 0.07792498916387558 241
1707982131160 0.07849718630313873 242
1707982131664 0.07870151102542877 243
1707982132181 0.07808001339435577 244
1707982132696 0.07813870906829834 245
1707982133202 0.07832454144954681 246
1707982133711 0.07757927477359772 247
1707982134216 0.07847775518894196 248
1707982134737 0.07778072357177734 249
1707982135245 0.07748612761497498 250
1707982135745 0.0783834159374237 251
1707982136266 0.07785669714212418 252
1707982136842 0.07715608924627304 253
1707982137369 0.07748278975486755 254
1707982137861 0.07745745778083801 255
1707982138367 0.07761490345001221 256
1707982138873 0.07780610024929047 257
1707982139368 0.07799945771694183 258
1707982139861 0.07693145424127579 259
1707982140383 0.07753872126340866 260
1707982140913 0.0773632749915123 261
1707982141420 0.07704069465398788 262
1707982141917 0.0774989053606987 263
1707982142409 0.07704764604568481 264
1707982143004 0.07823389023542404 265
1707982143507 0.07708066701889038 266
1707982144105 0.07750352472066879 267
1707982144612 0.07719843834638596 268
1707982145131 0.07693331688642502 269
1707982145631 0.0768556222319603 270
1707982146137 0.0767635852098465 271
1707982146628 0.07678926736116409 272
1707982147141 0.07693552225828171 273
1707982147642 0.07708961516618729 274
1707982148147 0.07776687294244766 275
1707982148649 0.07641816884279251 276
1707982149154 0.07651029527187347 277
1707982149650 0.07710225880146027 278
1707982150150 0.07748927175998688 279
1707982150648 0.07604926824569702 280
1707982151170 0.07631387561559677 281
1707982151675 0.07647386193275452 282
1707982152177 0.0763966515660286 283
1707982152675 0.07734628021717072 284
1707982153174 0.07673884183168411 285
1707982153694 0.07621124386787415 286
1707982154230 0.07722339779138565 287
1707982154729 0.07649073004722595 288
1707982155230 0.07619713246822357 289
1707982155725 0.07655289024114609 290
1707982156226 0.0762183740735054 291
1707982156731 0.07613897323608398 292
1707982157230 0.0781196802854538 293
1707982157752 0.07615486532449722 294
1707982158300 0.07674829661846161 295
1707982158822 0.07552575320005417 296
1707982159382 0.07558966428041458 297
1707982159885 0.07680962979793549 298
1707982160381 0.07692623138427734 299
