1707699477736 0.321316659450531 0
1707699483993 0.9066166877746582 1
1707699490237 0.9411166906356812 2
1707699496441 0.9577333331108093 3
1707699502649 0.9683333039283752 4
1707699508845 0.9757000207901001 5
1707699515089 0.9807000160217285 6
1707699521428 0.9842000007629395 7
1707699527559 0.987416684627533 8
1707699533784 0.9898333549499512 9
1707699539893 0.992900013923645 10
1707699546031 0.9939833283424377 11
1707699552183 0.9954833388328552 12
1707699558425 0.9965000152587891 13
1707699564841 0.9972666501998901 14
1707699571021 0.9979166388511658 15
1707699577149 0.9983999729156494 16
1707699583371 0.9986000061035156 17
1707699589495 0.9990166425704956 18
1707699595656 0.9988833069801331 19
1707699601816 0.9991333484649658 20
1707699607942 0.9994999766349792 21
1707699614213 0.9993500113487244 22
1707699620417 0.9995333552360535 23
1707699626561 0.9995999932289124 24
1707699632701 0.9994000196456909 25
1707699638849 0.9997166395187378 26
1707699645018 0.999750018119812 27
1707699651158 0.9995166659355164 28
1707699657407 0.9998166561126709 29
