1707699477736 0.3158356249332428 0
1707699483993 0.09979292005300522 1
1707699490237 0.044305380433797836 2
1707699496441 0.028843101114034653 3
1707699502649 0.021355442702770233 4
1707699508845 0.016670597717165947 5
1707699515089 0.013173805549740791 6
1707699521428 0.010763457976281643 7
1707699527559 0.00871389452368021 8
1707699533784 0.007140034809708595 9
1707699539893 0.005663969554007053 10
1707699546031 0.004648597911000252 11
1707699552183 0.0036947543267160654 12
1707699558425 0.0029161206912249327 13
1707699564841 0.002438200870528817 14
1707699571021 0.001897439593449235 15
1707699577149 0.0015425380552187562 16
1707699583371 0.0013397658476606011 17
1707699589495 0.0010594312334433198 18
1707699595656 0.0009449042263440788 19
1707699601816 0.0007650450570508838 20
1707699607942 0.000628915149718523 21
1707699614213 0.0006090474198572338 22
1707699620417 0.0004945442196913064 23
1707699626561 0.00043005277984775603 24
1707699632701 0.0004753845278173685 25
1707699638849 0.00035919074434787035 26
1707699645018 0.000255017977906391 27
1707699651158 0.0004049604758620262 28
1707699657407 0.00021545443451032043 29
