1707980648314 0.09939999878406525 0
1707980649213 0.10700000077486038 1
1707980649877 0.10409999638795853 2
1707980650516 0.10930000245571136 3
1707980651147 0.12710000574588776 4
1707980651776 0.14920000731945038 5
1707980652398 0.16869999468326569 6
1707980653041 0.17839999496936798 7
1707980653773 0.1843000054359436 8
1707980654380 0.18790000677108765 9
1707980655072 0.19130000472068787 10
1707980655673 0.2079000025987625 11
1707980656265 0.2029999941587448 12
1707980656862 0.2037000060081482 13
1707980657485 0.2175000011920929 14
1707980658092 0.21879999339580536 15
