1707980648314 0.7929286360740662 0
1707980649213 0.503649115562439 1
1707980649877 0.42132332921028137 2
1707980650516 0.3935098350048065 3
1707980651147 0.37432605028152466 4
1707980651776 0.35796013474464417 5
1707980652398 0.3469333350658417 6
1707980653041 0.33900901675224304 7
1707980653773 0.3331197500228882 8
1707980654380 0.32822108268737793 9
1707980655072 0.32585176825523376 10
1707980655673 0.3230641484260559 11
1707980656265 0.3221738040447235 12
1707980656862 0.32026731967926025 13
1707980657485 0.3186700940132141 14
1707980658092 0.3188807964324951 15
