1707782585717 0.10700000077486038 0
1707782585982 0.13439999520778656 1
1707782586252 0.2581999897956848 2
1707782586521 0.30399999022483826 3
1707782586785 0.4341999888420105 4
1707782587060 0.5839999914169312 5
1707782587324 0.7170000076293945 6
1707782587595 0.801800012588501 7
1707782587867 0.83160001039505 8
1707782588135 0.8569999933242798 9
1707782588398 0.8715999722480774 10
1707782588661 0.9021999835968018 11
1707782588922 0.9218000173568726 12
1707782589188 0.9355999827384949 13
1707782589449 0.9453999996185303 14
1707782589713 0.9535999894142151 15
1707782589980 0.9603999853134155 16
1707782590250 0.965399980545044 17
1707782590521 0.9706000089645386 18
1707782590784 0.973800003528595 19
1707782591049 0.9778000116348267 20
1707782591312 0.982200026512146 21
1707782591582 0.9836000204086304 22
1707782591844 0.9847999811172485 23
1707782592107 0.9869999885559082 24
1707782592373 0.9872000217437744 25
1707782592634 0.9896000027656555 26
1707782592895 0.9891999959945679 27
1707782593162 0.9905999898910522 28
1707782593426 0.9926000237464905 29
1707782593689 0.9927999973297119 30
1707782593958 0.993399977684021 31
1707782594222 0.9936000108718872 32
1707782594490 0.9944000244140625 33
1707782594756 0.9940000176429749 34
1707782595026 0.9954000115394592 35
1707782595285 0.9959999918937683 36
1707782595547 0.9962000250816345 37
1707782595810 0.9962000250816345 38
1707782596080 0.9965999722480774 39
1707782596343 0.996399998664856 40
1707782596610 0.9965999722480774 41
1707782596875 0.9968000054359436 42
1707782597147 0.9968000054359436 43
1707782597427 0.9968000054359436 44
1707782597688 0.9973999857902527 45
1707782597954 0.9973999857902527 46
1707782598215 0.9976000189781189 47
1707782598478 0.9980000257492065 48
1707782598748 0.9980000257492065 49
1707782599014 0.998199999332428 50
1707782599286 0.998199999332428 51
1707782599562 0.998199999332428 52
1707782599831 0.998199999332428 53
1707782600105 0.9983999729156494 54
1707782600379 0.9986000061035156 55
1707782600645 0.998199999332428 56
1707782600916 0.9991999864578247 57
1707782601186 0.9990000128746033 58
1707782601455 0.9998000264167786 59
1707782601719 0.9995999932289124 60
1707782601987 0.9998000264167786 61
1707782602255 0.9998000264167786 62
1707782602525 0.9998000264167786 63
1707782602786 0.9998000264167786 64
1707782603052 0.9998000264167786 65
1707782603315 0.9998000264167786 66
1707782603589 0.9998000264167786 67
1707782603856 0.9998000264167786 68
1707782604121 0.9973999857902527 69
1707782604389 0.9965999722480774 70
1707782604657 0.9994000196456909 71
1707782604925 0.9998000264167786 72
1707782605192 0.9998000264167786 73
1707782605462 0.9998000264167786 74
1707782605721 0.9998000264167786 75
1707782605989 0.9998000264167786 76
1707782606256 0.9998000264167786 77
1707782606525 0.9998000264167786 78
1707782606797 0.9998000264167786 79
1707782607070 0.9998000264167786 80
1707782607332 0.9998000264167786 81
1707782607604 0.9998000264167786 82
1707782607872 0.9998000264167786 83
1707782608139 0.9998000264167786 84
1707782608455 0.9998000264167786 85
1707782608743 0.9990000128746033 86
1707782609087 0.9980000257492065 87
1707782609375 0.9973999857902527 88
1707782609663 0.9987999796867371 89
1707782609939 0.9998000264167786 90
1707782610212 0.9998000264167786 91
1707782610487 0.9998000264167786 92
1707782610758 0.9998000264167786 93
1707782611025 0.9998000264167786 94
1707782611293 0.9998000264167786 95
1707782611564 0.9998000264167786 96
1707782611967 0.9998000264167786 97
1707782612343 0.9998000264167786 98
1707782612634 0.9998000264167786 99
