1707782585717 0.46907109022140503 0
1707782585982 0.3626698851585388 1
1707782586252 0.3229503929615021 2
1707782586521 0.29866236448287964 3
1707782586785 0.279955118894577 4
1707782587060 0.26176944375038147 5
1707782587324 0.2430853247642517 6
1707782587595 0.224448099732399 7
1707782587867 0.20652619004249573 8
1707782588135 0.1897459477186203 9
1707782588398 0.17413127422332764 10
1707782588661 0.15929895639419556 11
1707782588922 0.14608652889728546 12
1707782589188 0.1337965726852417 13
1707782589449 0.12231676280498505 14
1707782589713 0.11114586144685745 15
1707782589980 0.10117718577384949 16
1707782590250 0.09198281913995743 17
1707782590521 0.08339042216539383 18
1707782590784 0.07541824877262115 19
1707782591049 0.06826923042535782 20
1707782591312 0.06155824661254883 21
1707782591582 0.05561264604330063 22
1707782591844 0.05053998529911041 23
1707782592107 0.0456763431429863 24
1707782592373 0.04118378460407257 25
1707782592634 0.03730469197034836 26
1707782592895 0.034011173993349075 27
1707782593162 0.030850127339363098 28
1707782593426 0.027591705322265625 29
1707782593689 0.02541407197713852 30
1707782593958 0.023025283589959145 31
1707782594222 0.020914630964398384 32
1707782594490 0.01890403963625431 33
1707782594756 0.017401497811079025 34
1707782595026 0.01581839844584465 35
1707782595285 0.014366173185408115 36
1707782595547 0.013153210282325745 37
1707782595810 0.01188042014837265 38
1707782596080 0.010945094749331474 39
1707782596343 0.010966831818223 40
1707782596610 0.009956399910151958 41
1707782596875 0.00879104994237423 42
1707782597147 0.008182784542441368 43
1707782597427 0.007400707807391882 44
1707782597688 0.006766315549612045 45
1707782597954 0.006142625585198402 46
1707782598215 0.005714776460081339 47
1707782598478 0.00530169578269124 48
1707782598748 0.004845698829740286 49
1707782599014 0.004447670187801123 50
1707782599286 0.004147792235016823 51
1707782599562 0.003894705092534423 52
1707782599831 0.0038871848955750465 53
1707782600105 0.0033706168178468943 54
1707782600379 0.0030326135456562042 55
1707782600645 0.0029942297842353582 56
1707782600916 0.0028026688378304243 57
1707782601186 0.002373689552769065 58
1707782601455 0.00200891075655818 59
1707782601719 0.0019153162138536572 60
1707782601987 0.0016073316801339388 61
1707782602255 0.0014692909317091107 62
1707782602525 0.0013552051968872547 63
1707782602786 0.0012472030939534307 64
1707782603052 0.0011503637069836259 65
1707782603315 0.0010494876187294722 66
1707782603589 0.0009644560050219297 67
1707782603856 0.0008934317738749087 68
1707782604121 0.002530591329559684 69
1707782604389 0.002785860328003764 70
1707782604657 0.0012225036043673754 71
1707782604925 0.0007874781731516123 72
1707782605192 0.0007080738432705402 73
1707782605462 0.0006676826742477715 74
1707782605721 0.0006293209153227508 75
1707782605989 0.0005941869458183646 76
1707782606256 0.00055890524527058 77
1707782606525 0.0005263210041448474 78
1707782606797 0.0004926598630845547 79
1707782607070 0.0004600952088367194 80
1707782607332 0.0004296062106732279 81
1707782607604 0.00040167325641959906 82
1707782607872 0.00037810186040587723 83
1707782608139 0.0003467904170975089 84
1707782608455 0.0003226360713597387 85
1707782608743 0.0008448659791611135 86
1707782609087 0.0016794441035017371 87
1707782609375 0.0018441799329593778 88
1707782609663 0.0007530046277679503 89
1707782609939 0.0003273673646617681 90
1707782610212 0.0002949130139313638 91
1707782610487 0.00027990664239041507 92
1707782610758 0.00026898988289758563 93
1707782611025 0.00025944170192815363 94
1707782611293 0.0002497539098840207 95
1707782611564 0.00023967087327037007 96
1707782611967 0.0002287872339366004 97
1707782612343 0.00021791808831039816 98
1707782612634 0.00020630982180591673 99
