1707763711294 0.3587000072002411 0
1707763713464 0.9179499745368958 1
1707763715883 0.947783350944519 2
1707763718088 0.9600666761398315 3
1707763720536 0.9668999910354614 4
1707763723766 0.9720333218574524 5
1707763726390 0.9767500162124634 6
1707763728466 0.978866696357727 7
1707763730498 0.9825166463851929 8
1707763732693 0.9837999939918518 9
1707763734857 0.9848666787147522 10
1707763736926 0.9866333603858948 11
1707763738991 0.9875500202178955 12
1707763741096 0.9897666573524475 13
1707763743182 0.9904666543006897 14
1707763745265 0.9914500117301941 15
1707763747438 0.9926833510398865 16
1707763749752 0.9926499724388123 17
1707763752229 0.993233323097229 18
1707763755412 0.9940666556358337 19
1707763758215 0.9946833252906799 20
1707763760669 0.9947500228881836 21
1707763762885 0.9955999851226807 22
1707763766066 0.9955666661262512 23
1707763768190 0.9961333274841309 24
1707763770916 0.996399998664856 25
1707763773146 0.9963666796684265 26
1707763775224 0.996483325958252 27
1707763777447 0.9964666962623596 28
1707763779852 0.9968000054359436 29
