1707763711294 0.317408949136734 0
1707763713464 0.13319312036037445 1
1707763715883 0.05997272953391075 2
1707763718088 0.03562648594379425 3
1707763720536 0.025871822610497475 4
1707763723766 0.020450277253985405 5
1707763726390 0.017028959468007088 6
1707763728466 0.01491754874587059 7
1707763730498 0.012615763582289219 8
1707763732693 0.011335836723446846 9
1707763734857 0.010206516832113266 10
1707763736926 0.00906257051974535 11
1707763738991 0.008250784128904343 12
1707763741096 0.0072074029594659805 13
1707763743182 0.006674506701529026 14
1707763745265 0.006069787312299013 15
1707763747438 0.005259898956865072 16
1707763749752 0.00516895018517971 17
1707763752229 0.004753958433866501 18
1707763755412 0.004308353643864393 19
1707763758215 0.0038684515748173 20
1707763760669 0.003806536318734288 21
1707763762885 0.00339993997476995 22
1707763766066 0.0033474762458354235 23
1707763768190 0.0029794899746775627 24
1707763770916 0.0027975267730653286 25
1707763773146 0.0029282369650900364 26
1707763775224 0.0027031407225877047 27
1707763777447 0.00262441230006516 28
1707763779852 0.0024283614475280046 29
