1707977020654 0.10830000042915344 0
1707977021630 0.10649999976158142 1
1707977022708 0.10559999942779541 2
1707977023733 0.10830000042915344 3
1707977024711 0.11150000244379044 4
1707977025652 0.11270000040531158 5
1707977026644 0.11270000040531158 6
1707977027558 0.11270000040531158 7
1707977028364 0.11270000040531158 8
1707977029156 0.11270000040531158 9
1707977030150 0.11270000040531158 10
1707977031134 0.11270000040531158 11
1707977032092 0.11270000040531158 12
1707977032914 0.11270000040531158 13
1707977033709 0.10790000110864639 14
1707977034491 0.11270000040531158 15
1707977035274 0.11270000040531158 16
1707977036107 0.11270000040531158 17
1707977037067 0.1111999973654747 18
1707977037911 0.11330000311136246 19
1707977038926 0.11270000040531158 20
1707977039792 0.11110000312328339 21
1707977040665 0.11270000040531158 22
1707977041611 0.1128000020980835 23
1707977042582 0.11270000040531158 24
1707977043529 0.11270000040531158 25
1707977044409 0.11270000040531158 26
1707977045319 0.10869999974966049 27
1707977046228 0.10660000145435333 28
1707977047035 0.11270000040531158 29
1707977047880 0.11249999701976776 30
1707977048747 0.11270000040531158 31
1707977049559 0.11100000143051147 32
1707977050359 0.11159999668598175 33
1707977051180 0.11270000040531158 34
1707977051974 0.11110000312328339 35
1707977052817 0.11050000041723251 36
1707977053782 0.11270000040531158 37
1707977054619 0.11270000040531158 38
1707977055530 0.11270000040531158 39
1707977056344 0.11140000075101852 40
1707977057181 0.10970000177621841 41
1707977058083 0.11559999734163284 42
1707977058997 0.10499999672174454 43
1707977059913 0.10949999839067459 44
1707977060703 0.11259999871253967 45
1707977061528 0.11320000141859055 46
1707977062342 0.11180000007152557 47
1707977063313 0.11190000176429749 48
1707977064090 0.11270000040531158 49
1707977064934 0.11219999939203262 50
1707977065883 0.11270000040531158 51
1707977066869 0.11079999804496765 52
1707977067765 0.11270000040531158 53
1707977068604 0.11270000040531158 54
1707977069500 0.11270000040531158 55
1707977070422 0.11270000040531158 56
1707977071394 0.11270000040531158 57
1707977072337 0.11270000040531158 58
1707977073228 0.11270000040531158 59
1707977074023 0.11270000040531158 60
1707977074820 0.11270000040531158 61
1707977075609 0.11270000040531158 62
1707977076451 0.11270000040531158 63
1707977077418 0.11270000040531158 64
1707977078388 0.11270000040531158 65
1707977079336 0.11270000040531158 66
1707977080246 0.11270000040531158 67
1707977081089 0.11270000040531158 68
1707977082030 0.11270000040531158 69
1707977083005 0.11270000040531158 70
1707977083969 0.11270000040531158 71
1707977084938 0.11190000176429749 72
1707977085909 0.11270000040531158 73
1707977086709 0.11270000040531158 74
1707977087635 0.11270000040531158 75
1707977088725 0.11270000040531158 76
1707977089691 0.11270000040531158 77
1707977090525 0.11270000040531158 78
1707977091313 0.11270000040531158 79
1707977092147 0.11270000040531158 80
1707977092982 0.11270000040531158 81
1707977093803 0.11270000040531158 82
1707977094636 0.11270000040531158 83
1707977095435 0.11270000040531158 84
1707977096409 0.11270000040531158 85
1707977097349 0.11270000040531158 86
1707977098184 0.11270000040531158 87
1707977098985 0.11270000040531158 88
1707977099961 0.11270000040531158 89
1707977100828 0.11270000040531158 90
1707977101739 0.11270000040531158 91
1707977102726 0.11270000040531158 92
1707977103709 0.11270000040531158 93
1707977104543 0.11270000040531158 94
1707977105371 0.11270000040531158 95
1707977106347 0.11270000040531158 96
1707977107323 0.11270000040531158 97
1707977108297 0.11270000040531158 98
1707977109266 0.11270000040531158 99
1707977110179 0.11270000040531158 100
1707977111078 0.11270000040531158 101
1707977111991 0.11270000040531158 102
1707977112902 0.11270000040531158 103
1707977113724 0.11270000040531158 104
1707977114584 0.11270000040531158 105
1707977115453 0.11270000040531158 106
1707977116349 0.11270000040531158 107
1707977117298 0.11270000040531158 108
1707977118267 0.11270000040531158 109
1707977119095 0.11270000040531158 110
1707977119898 0.11270000040531158 111
1707977120831 0.11270000040531158 112
1707977121652 0.11270000040531158 113
1707977122451 0.11270000040531158 114
1707977123313 0.11270000040531158 115
1707977124242 0.11270000040531158 116
1707977125210 0.11270000040531158 117
1707977126204 0.11270000040531158 118
1707977127127 0.11270000040531158 119
1707977128013 0.11270000040531158 120
1707977128875 0.11270000040531158 121
1707977129838 0.11270000040531158 122
1707977130797 0.11270000040531158 123
1707977131760 0.11270000040531158 124
1707977132589 0.11270000040531158 125
1707977133396 0.11270000040531158 126
1707977134207 0.11270000040531158 127
1707977135017 0.11270000040531158 128
1707977135884 0.11270000040531158 129
1707977136730 0.11270000040531158 130
1707977137640 0.11270000040531158 131
1707977138612 0.11270000040531158 132
1707977139452 0.11270000040531158 133
1707977140291 0.11270000040531158 134
1707977141157 0.11270000040531158 135
1707977142047 0.11270000040531158 136
1707977143009 0.11270000040531158 137
1707977143909 0.11270000040531158 138
1707977144835 0.11270000040531158 139
1707977145652 0.11270000040531158 140
1707977146458 0.11270000040531158 141
1707977147257 0.11270000040531158 142
1707977148050 0.11270000040531158 143
1707977148841 0.11270000040531158 144
1707977149626 0.11270000040531158 145
1707977150606 0.11270000040531158 146
1707977151566 0.11270000040531158 147
1707977152464 0.11270000040531158 148
1707977153309 0.11270000040531158 149
1707977154140 0.11270000040531158 150
1707977154949 0.11270000040531158 151
1707977155778 0.11270000040531158 152
1707977156604 0.11270000040531158 153
1707977157429 0.11270000040531158 154
1707977158273 0.11270000040531158 155
1707977159090 0.11270000040531158 156
1707977159911 0.11270000040531158 157
1707977160732 0.11270000040531158 158
1707977161513 0.11270000040531158 159
1707977162338 0.11270000040531158 160
1707977163190 0.11270000040531158 161
1707977164092 0.11270000040531158 162
1707977165083 0.11270000040531158 163
1707977166070 0.11270000040531158 164
1707977167061 0.11270000040531158 165
1707977168045 0.11270000040531158 166
1707977169030 0.11270000040531158 167
1707977169909 0.11270000040531158 168
1707977170778 0.11270000040531158 169
1707977171666 0.11270000040531158 170
1707977172539 0.11270000040531158 171
1707977173494 0.11270000040531158 172
1707977174384 0.11270000040531158 173
1707977175210 0.11270000040531158 174
1707977176097 0.11270000040531158 175
1707977176990 0.11270000040531158 176
1707977177971 0.11270000040531158 177
1707977178963 0.11270000040531158 178
1707977179788 0.11270000040531158 179
1707977180585 0.11270000040531158 180
1707977181366 0.11270000040531158 181
1707977182153 0.11270000040531158 182
1707977182956 0.11270000040531158 183
1707977183865 0.11270000040531158 184
1707977184698 0.11270000040531158 185
1707977185589 0.11270000040531158 186
1707977186484 0.11270000040531158 187
1707977187414 0.11270000040531158 188
1707977188303 0.11270000040531158 189
1707977189121 0.11270000040531158 190
1707977190022 0.11270000040531158 191
1707977190914 0.11270000040531158 192
1707977191773 0.11270000040531158 193
1707977192742 0.11270000040531158 194
1707977193714 0.11270000040531158 195
1707977194536 0.11270000040531158 196
1707977195316 0.11270000040531158 197
1707977196260 0.11270000040531158 198
1707977197166 0.11270000040531158 199
1707977198075 0.11270000040531158 200
1707977198983 0.11270000040531158 201
1707977199813 0.11270000040531158 202
1707977200617 0.11270000040531158 203
1707977201406 0.11270000040531158 204
1707977202335 0.11270000040531158 205
1707977203319 0.11270000040531158 206
1707977204138 0.11270000040531158 207
1707977204944 0.11270000040531158 208
1707977205763 0.11270000040531158 209
1707977206577 0.11270000040531158 210
1707977207539 0.11270000040531158 211
1707977208527 0.11270000040531158 212
1707977209514 0.11270000040531158 213
1707977210416 0.11270000040531158 214
1707977211257 0.11270000040531158 215
1707977212179 0.11270000040531158 216
1707977212969 0.11270000040531158 217
1707977213927 0.11270000040531158 218
1707977214742 0.11270000040531158 219
1707977215572 0.11270000040531158 220
1707977216472 0.11270000040531158 221
1707977217442 0.11270000040531158 222
1707977218349 0.11270000040531158 223
1707977219165 0.11270000040531158 224
1707977219975 0.11270000040531158 225
1707977220784 0.11270000040531158 226
1707977221678 0.11270000040531158 227
1707977222652 0.11270000040531158 228
1707977223630 0.11270000040531158 229
1707977224624 0.11270000040531158 230
1707977225616 0.11270000040531158 231
1707977226599 0.11270000040531158 232
1707977227501 0.11270000040531158 233
1707977228357 0.11270000040531158 234
1707977229215 0.11270000040531158 235
1707977230035 0.11270000040531158 236
1707977230903 0.11270000040531158 237
1707977231876 0.11270000040531158 238
1707977232708 0.11270000040531158 239
1707977233563 0.11270000040531158 240
1707977234480 0.11270000040531158 241
1707977235457 0.11270000040531158 242
1707977236252 0.11270000040531158 243
1707977237092 0.11270000040531158 244
1707977237996 0.11270000040531158 245
1707977238981 0.11270000040531158 246
1707977239893 0.11270000040531158 247
1707977240750 0.11270000040531158 248
1707977241641 0.11270000040531158 249
1707977242488 0.11270000040531158 250
1707977243416 0.11270000040531158 251
1707977244370 0.11270000040531158 252
1707977245182 0.11270000040531158 253
1707977245991 0.11270000040531158 254
1707977246807 0.11270000040531158 255
1707977247683 0.11270000040531158 256
1707977248497 0.11270000040531158 257
1707977249292 0.11270000040531158 258
1707977250072 0.11270000040531158 259
1707977250869 0.11270000040531158 260
1707977251686 0.11270000040531158 261
1707977252507 0.11270000040531158 262
1707977253399 0.11270000040531158 263
1707977254284 0.11270000040531158 264
1707977255123 0.11270000040531158 265
1707977255923 0.11270000040531158 266
1707977256741 0.11270000040531158 267
1707977257709 0.11270000040531158 268
1707977258705 0.11270000040531158 269
1707977259704 0.11270000040531158 270
1707977260551 0.11270000040531158 271
1707977261495 0.11270000040531158 272
1707977262407 0.11270000040531158 273
1707977263215 0.11270000040531158 274
1707977264023 0.11270000040531158 275
1707977264845 0.11270000040531158 276
1707977265674 0.11270000040531158 277
1707977266594 0.11270000040531158 278
1707977267454 0.11270000040531158 279
1707977268360 0.11270000040531158 280
1707977269354 0.11270000040531158 281
1707977270323 0.11270000040531158 282
1707977271282 0.11270000040531158 283
1707977272181 0.11270000040531158 284
1707977272948 0.11270000040531158 285
1707977273739 0.11270000040531158 286
1707977274505 0.11270000040531158 287
1707977275293 0.11270000040531158 288
1707977276093 0.11270000040531158 289
1707977276913 0.11270000040531158 290
1707977277792 0.11270000040531158 291
1707977278708 0.11270000040531158 292
1707977279552 0.11270000040531158 293
1707977280383 0.11270000040531158 294
1707977281291 0.11270000040531158 295
1707977282228 0.11270000040531158 296
1707977283122 0.11270000040531158 297
1707977283940 0.11270000040531158 298
1707977284733 0.11270000040531158 299
