1707977020654 3.035440683364868 0
1707977021630 0.9467309713363647 1
1707977022708 0.5837258100509644 2
1707977023733 0.46410951018333435 3
1707977024711 0.4261862337589264 4
1707977025652 0.4092029929161072 5
1707977026644 0.3994806706905365 6
1707977027558 0.3937475085258484 7
1707977028364 0.3897511959075928 8
1707977029156 0.3864975869655609 9
1707977030150 0.38363978266716003 10
1707977031134 0.3809843063354492 11
1707977032092 0.3785459101200104 12
1707977032914 0.37621912360191345 13
1707977033709 0.3740493059158325 14
1707977034491 0.3720151484012604 15
1707977035274 0.3700619041919708 16
1707977036107 0.36824166774749756 17
1707977037067 0.3664587438106537 18
1707977037911 0.364778071641922 19
1707977038926 0.363198846578598 20
1707977039792 0.3616635501384735 21
1707977040665 0.36014610528945923 22
1707977041611 0.35871422290802 23
1707977042582 0.35731974244117737 24
1707977043529 0.35599371790885925 25
1707977044409 0.3546966314315796 26
1707977045319 0.3534330427646637 27
1707977046228 0.3522160053253174 28
1707977047035 0.3510342240333557 29
1707977047880 0.34984108805656433 30
1707977048747 0.3487508296966553 31
1707977049559 0.34765440225601196 32
1707977050359 0.3465619683265686 33
1707977051180 0.34557124972343445 34
1707977051974 0.34457606077194214 35
1707977052817 0.3435640335083008 36
1707977053782 0.34264567494392395 37
1707977054619 0.3417041599750519 38
1707977055530 0.3408677875995636 39
1707977056344 0.3401423692703247 40
1707977057181 0.339485228061676 41
1707977058083 0.3388054668903351 42
1707977058997 0.33827030658721924 43
1707977059913 0.3378508687019348 44
1707977060703 0.33755460381507874 45
1707977061528 0.33738282322883606 46
1707977062342 0.33730262517929077 47
1707977063313 0.3372262120246887 48
1707977064090 0.33720386028289795 49
1707977064934 0.33719852566719055 50
1707977065883 0.33715128898620605 51
1707977066869 0.3371877670288086 52
1707977067765 0.33718186616897583 53
1707977068604 0.33715692162513733 54
1707977069500 0.3371945917606354 55
1707977070422 0.3371671140193939 56
1707977071394 0.33715978264808655 57
1707977072337 0.33716028928756714 58
1707977073228 0.3371601402759552 59
1707977074023 0.33715367317199707 60
1707977074820 0.33713656663894653 61
1707977075609 0.3371434509754181 62
1707977076451 0.3371528685092926 63
1707977077418 0.3371584117412567 64
1707977078388 0.3371346890926361 65
1707977079336 0.33715733885765076 66
1707977080246 0.33715707063674927 67
1707977081089 0.33717110753059387 68
1707977082030 0.33720579743385315 69
1707977083005 0.3371293544769287 70
1707977083969 0.3371678590774536 71
1707977084938 0.3371739089488983 72
1707977085909 0.3371592164039612 73
1707977086709 0.33711785078048706 74
1707977087635 0.33715811371803284 75
1707977088725 0.33716198801994324 76
1707977089691 0.33717912435531616 77
1707977090525 0.3371194303035736 78
1707977091313 0.33713099360466003 79
1707977092147 0.33718350529670715 80
1707977092982 0.3371468484401703 81
1707977093803 0.33713167905807495 82
1707977094636 0.33714357018470764 83
1707977095435 0.33716583251953125 84
1707977096409 0.33715441823005676 85
1707977097349 0.3371860682964325 86
1707977098184 0.337124228477478 87
1707977098985 0.3371545076370239 88
1707977099961 0.3371843099594116 89
1707977100828 0.33717232942581177 90
1707977101739 0.3371303081512451 91
1707977102726 0.3371369242668152 92
1707977103709 0.3372134864330292 93
1707977104543 0.33712154626846313 94
1707977105371 0.33715933561325073 95
1707977106347 0.33715298771858215 96
1707977107323 0.33713123202323914 97
1707977108297 0.337126761674881 98
1707977109266 0.33717238903045654 99
1707977110179 0.33716195821762085 100
1707977111078 0.3371012806892395 101
1707977111991 0.3371678590774536 102
1707977112902 0.3371288776397705 103
1707977113724 0.337144672870636 104
1707977114584 0.33715206384658813 105
1707977115453 0.33715707063674927 106
1707977116349 0.33714714646339417 107
1707977117298 0.33711960911750793 108
1707977118267 0.33711954951286316 109
1707977119095 0.33714625239372253 110
1707977119898 0.3371095657348633 111
1707977120831 0.33717405796051025 112
1707977121652 0.33711206912994385 113
1707977122451 0.337160587310791 114
1707977123313 0.337149977684021 115
1707977124242 0.33713287115097046 116
1707977125210 0.3371700048446655 117
1707977126204 0.3371564745903015 118
1707977127127 0.3371407091617584 119
1707977128013 0.3371356725692749 120
1707977128875 0.33714383840560913 121
1707977129838 0.3371681272983551 122
1707977130797 0.33713579177856445 123
1707977131760 0.3371228873729706 124
1707977132589 0.33714407682418823 125
1707977133396 0.3371482789516449 126
1707977134207 0.33713605999946594 127
1707977135017 0.33712491393089294 128
1707977135884 0.33713865280151367 129
1707977136730 0.3371349275112152 130
1707977137640 0.33713242411613464 131
1707977138612 0.33712342381477356 132
1707977139452 0.3371231257915497 133
1707977140291 0.3371407687664032 134
1707977141157 0.3371690809726715 135
1707977142047 0.33715197443962097 136
1707977143009 0.33712658286094666 137
1707977143909 0.3371807336807251 138
1707977144835 0.33713364601135254 139
1707977145652 0.3371385335922241 140
1707977146458 0.3371163308620453 141
1707977147257 0.33711114525794983 142
1707977148050 0.33714112639427185 143
1707977148841 0.33712655305862427 144
1707977149626 0.33711645007133484 145
1707977150606 0.3371350169181824 146
1707977151566 0.3371173143386841 147
1707977152464 0.33712485432624817 148
1707977153309 0.33710694313049316 149
1707977154140 0.33715152740478516 150
1707977154949 0.3371400833129883 151
1707977155778 0.3371463716030121 152
1707977156604 0.3371736705303192 153
1707977157429 0.3371146023273468 154
1707977158273 0.3371809720993042 155
1707977159090 0.3371117115020752 156
1707977159911 0.3371230661869049 157
1707977160732 0.3371298909187317 158
1707977161513 0.33714064955711365 159
1707977162338 0.33715230226516724 160
1707977163190 0.3371306359767914 161
1707977164092 0.3371334373950958 162
1707977165083 0.33715710043907166 163
1707977166070 0.3371409773826599 164
1707977167061 0.3370983302593231 165
1707977168045 0.3371116816997528 166
1707977169030 0.3371118903160095 167
1707977169909 0.3371162712574005 168
1707977170778 0.33712953329086304 169
1707977171666 0.3371008038520813 170
1707977172539 0.33710911870002747 171
1707977173494 0.337113618850708 172
1707977174384 0.3371542692184448 173
1707977175210 0.3371390700340271 174
1707977176097 0.33710920810699463 175
1707977176990 0.33715301752090454 176
1707977177971 0.33713462948799133 177
1707977178963 0.33712533116340637 178
1707977179788 0.3371448218822479 179
1707977180585 0.3371295928955078 180
1707977181366 0.33711138367652893 181
1707977182153 0.33712753653526306 182
1707977182956 0.3371161222457886 183
1707977183865 0.3371047377586365 184
1707977184698 0.3371114134788513 185
1707977185589 0.3371155261993408 186
1707977186484 0.3371184468269348 187
1707977187414 0.33708634972572327 188
1707977188303 0.3371042311191559 189
1707977189121 0.33709239959716797 190
1707977190022 0.337131530046463 191
1707977190914 0.337108314037323 192
1707977191773 0.3370894193649292 193
1707977192742 0.3371105492115021 194
1707977193714 0.33711305260658264 195
1707977194536 0.33709320425987244 196
1707977195316 0.3371172547340393 197
1707977196260 0.3370864689350128 198
1707977197166 0.3371069133281708 199
1707977198075 0.33709752559661865 200
1707977198983 0.33710649609565735 201
1707977199813 0.3371351659297943 202
1707977200617 0.3371192216873169 203
1707977201406 0.3371143341064453 204
1707977202335 0.33710265159606934 205
1707977203319 0.3371104300022125 206
1707977204138 0.33710333704948425 207
1707977204944 0.3370845913887024 208
1707977205763 0.3371124863624573 209
1707977206577 0.3371066451072693 210
1707977207539 0.3371104896068573 211
1707977208527 0.3371007442474365 212
1707977209514 0.33710601925849915 213
1707977210416 0.3370799720287323 214
1707977211257 0.33711230754852295 215
1707977212179 0.3371153175830841 216
1707977212969 0.33709266781806946 217
1707977213927 0.33709415793418884 218
1707977214742 0.33710169792175293 219
1707977215572 0.3371048867702484 220
1707977216472 0.3371259272098541 221
1707977217442 0.33709317445755005 222
1707977218349 0.3371160626411438 223
1707977219165 0.33710891008377075 224
1707977219975 0.3371307849884033 225
1707977220784 0.33709844946861267 226
1707977221678 0.33709317445755005 227
1707977222652 0.33711013197898865 228
1707977223630 0.33709803223609924 229
1707977224624 0.33710455894470215 230
1707977225616 0.3371101915836334 231
1707977226599 0.33709996938705444 232
1707977227501 0.33711114525794983 233
1707977228357 0.3370917737483978 234
1707977229215 0.3370922803878784 235
1707977230035 0.33707359433174133 236
1707977230903 0.33709466457366943 237
1707977231876 0.3371163606643677 238
1707977232708 0.3371146619319916 239
1707977233563 0.33709245920181274 240
1707977234480 0.337093323469162 241
1707977235457 0.3370995819568634 242
1707977236252 0.3370838165283203 243
1707977237092 0.33710289001464844 244
1707977237996 0.3370917737483978 245
1707977238981 0.3371022343635559 246
1707977239893 0.3370785713195801 247
1707977240750 0.3370853364467621 248
1707977241641 0.3370952308177948 249
1707977242488 0.3370906710624695 250
1707977243416 0.33710232377052307 251
1707977244370 0.33709219098091125 252
1707977245182 0.3370783030986786 253
1707977245991 0.3370702266693115 254
1707977246807 0.337089478969574 255
1707977247683 0.3370915651321411 256
1707977248497 0.33710554242134094 257
1707977249292 0.33708682656288147 258
1707977250072 0.3371025323867798 259
1707977250869 0.3370874524116516 260
1707977251686 0.33708667755126953 261
1707977252507 0.3370707631111145 262
1707977253399 0.33708739280700684 263
1707977254284 0.3370812237262726 264
1707977255123 0.3370935916900635 265
1707977255923 0.3370872735977173 266
1707977256741 0.3371025025844574 267
1707977257709 0.3370799422264099 268
1707977258705 0.33709773421287537 269
1707977259704 0.33709001541137695 270
1707977260551 0.33707740902900696 271
1707977261495 0.33706554770469666 272
1707977262407 0.3370862901210785 273
1707977263215 0.3370799422264099 274
1707977264023 0.33709070086479187 275
1707977264845 0.33709123730659485 276
1707977265674 0.3370949327945709 277
1707977266594 0.3370782434940338 278
1707977267454 0.3370921015739441 279
1707977268360 0.33709925413131714 280
1707977269354 0.33709338307380676 281
1707977270323 0.3370753526687622 282
1707977271282 0.337094247341156 283
1707977272181 0.3370775282382965 284
1707977272948 0.3370867073535919 285
1707977273739 0.3370751440525055 286
1707977274505 0.33707937598228455 287
1707977275293 0.33708643913269043 288
1707977276093 0.3370705246925354 289
1707977276913 0.33707931637763977 290
1707977277792 0.33708375692367554 291
1707977278708 0.33708134293556213 292
1707977279552 0.337078332901001 293
1707977280383 0.33708271384239197 294
1707977281291 0.33708512783050537 295
1707977282228 0.3370816707611084 296
1707977283122 0.3371073603630066 297
1707977283940 0.33708587288856506 298
1707977284733 0.33707454800605774 299
