1707981124797 0.0997999981045723 0
1707981125411 0.09679999947547913 1
1707981126030 0.10159999877214432 2
1707981126650 0.13529999554157257 3
1707981127269 0.19529999792575836 4
1707981127886 0.2296999990940094 5
1707981128505 0.2451000064611435 6
1707981129111 0.29350000619888306 7
1707981129729 0.3231000006198883 8
1707981130353 0.3537999987602234 9
1707981130977 0.3815999925136566 10
1707981131595 0.39559999108314514 11
1707981132225 0.414000004529953 12
1707981132846 0.4104999899864197 13
1707981133474 0.42419999837875366 14
1707981134092 0.42820000648498535 15
1707981134705 0.42669999599456787 16
1707981135337 0.4424999952316284 17
1707981135949 0.4426000118255615 18
1707981136562 0.4521999955177307 19
1707981137180 0.46639999747276306 20
1707981137798 0.4726000130176544 21
1707981138418 0.47589999437332153 22
1707981139032 0.4740000069141388 23
1707981139649 0.48570001125335693 24
1707981140274 0.498199999332428 25
1707981140882 0.5105000138282776 26
1707981141498 0.5181000232696533 27
1707981142137 0.5232999920845032 28
1707981142750 0.54339998960495 29
1707981143367 0.5576000213623047 30
1707981144001 0.5713000297546387 31
1707981144620 0.5846999883651733 32
1707981145241 0.6018999814987183 33
1707981145872 0.6093000173568726 34
1707981146523 0.620199978351593 35
1707981147141 0.6273999810218811 36
1707981147757 0.631600022315979 37
1707981148400 0.6348000168800354 38
1707981149034 0.6370999813079834 39
1707981149701 0.644599974155426 40
1707981150323 0.6444000005722046 41
1707981150937 0.650600016117096 42
1707981151558 0.6596999764442444 43
1707981152195 0.6600000262260437 44
1707981152822 0.661899983882904 45
1707981153456 0.6775000095367432 46
1707981154080 0.6937999725341797 47
1707981154707 0.6963000297546387 48
1707981155325 0.7042999863624573 49
1707981155940 0.7128000259399414 50
1707981156559 0.7196000218391418 51
1707981157176 0.7263000011444092 52
1707981157801 0.7218999862670898 53
1707981158425 0.7348999977111816 54
1707981159043 0.734499990940094 55
1707981159664 0.7343000173568726 56
1707981160282 0.7366999983787537 57
1707981160902 0.7434999942779541 58
1707981161524 0.7494999766349792 59
1707981162146 0.7566999793052673 60
1707981162778 0.7562000155448914 61
1707981163400 0.7580999732017517 62
1707981164019 0.7562000155448914 63
1707981164631 0.7540000081062317 64
1707981165263 0.7664999961853027 65
1707981165885 0.7662000060081482 66
1707981166496 0.7695000171661377 67
1707981167118 0.7695000171661377 68
1707981167755 0.7613999843597412 69
1707981168396 0.7660999894142151 70
1707981169024 0.7681999802589417 71
1707981169638 0.7681000232696533 72
1707981170355 0.7724000215530396 73
1707981170967 0.7724999785423279 74
1707981171590 0.7671999931335449 75
1707981172204 0.7738000154495239 76
1707981172834 0.7714999914169312 77
1707981173447 0.7734000086784363 78
1707981174063 0.779699981212616 79
1707981174671 0.777400016784668 80
1707981175292 0.7807999849319458 81
1707981175919 0.7677000164985657 82
1707981176544 0.7760000228881836 83
1707981177187 0.7785000205039978 84
1707981177807 0.7789999842643738 85
1707981178416 0.7723000049591064 86
1707981179029 0.7764999866485596 87
1707981179644 0.7784000039100647 88
1707981180261 0.7735000252723694 89
1707981180894 0.774399995803833 90
1707981181507 0.7695000171661377 91
1707981182127 0.7820000052452087 92
1707981182746 0.7753000259399414 93
1707981183367 0.7802000045776367 94
1707981184009 0.7806000113487244 95
1707981184643 0.7825000286102295 96
1707981185256 0.7736999988555908 97
1707981185875 0.7827000021934509 98
1707981186497 0.7840999960899353 99
1707981187116 0.7835999727249146 100
1707981187733 0.7781999707221985 101
1707981188368 0.7856000065803528 102
1707981188985 0.7854999899864197 103
1707981189603 0.77920001745224 104
1707981190239 0.7825999855995178 105
1707981190863 0.7870000004768372 106
1707981191488 0.7815999984741211 107
1707981192119 0.7781999707221985 108
1707981192742 0.7797999978065491 109
1707981193366 0.7806000113487244 110
1707981193980 0.7856000065803528 111
1707981194602 0.7858999967575073 112
1707981195222 0.7860000133514404 113
1707981195832 0.7831000089645386 114
1707981196463 0.7813000082969666 115
1707981197085 0.7782999873161316 116
