1707981124797 0.6306249499320984 0
1707981125411 0.41435855627059937 1
1707981126030 0.3752034306526184 2
1707981126650 0.35934463143348694 3
1707981127269 0.34495580196380615 4
1707981127886 0.32687807083129883 5
1707981128505 0.31671378016471863 6
1707981129111 0.3082013726234436 7
1707981129729 0.30080363154411316 8
1707981130353 0.29070159792900085 9
1707981130977 0.28180742263793945 10
1707981131595 0.2742137312889099 11
1707981132225 0.26911258697509766 12
1707981132846 0.265562504529953 13
1707981133474 0.26285073161125183 14
1707981134092 0.2610720694065094 15
1707981134705 0.2592255175113678 16
1707981135337 0.2574709951877594 17
1707981135949 0.25676989555358887 18
1707981136562 0.25583893060684204 19
1707981137180 0.2541569471359253 20
1707981137798 0.2533091604709625 21
1707981138418 0.2517127990722656 22
1707981139032 0.2508572041988373 23
1707981139649 0.25031930208206177 24
1707981140274 0.24991701543331146 25
1707981140882 0.2480349838733673 26
1707981141498 0.24741670489311218 27
1707981142137 0.2459394484758377 28
1707981142750 0.24586567282676697 29
1707981143367 0.24442307651042938 30
1707981144001 0.24280044436454773 31
1707981144620 0.24107590317726135 32
1707981145241 0.23793546855449677 33
1707981145872 0.23647089302539825 34
1707981146523 0.233228862285614 35
1707981147141 0.2314864546060562 36
1707981147757 0.2297702580690384 37
1707981148400 0.2277897149324417 38
1707981149034 0.2269672304391861 39
1707981149701 0.22517609596252441 40
1707981150323 0.2241203784942627 41
1707981150937 0.22356145083904266 42
1707981151558 0.22127202153205872 43
1707981152195 0.222375750541687 44
1707981152822 0.22180332243442535 45
1707981153456 0.22011858224868774 46
1707981154080 0.2185288518667221 47
1707981154707 0.21656538546085358 48
1707981155325 0.21646875143051147 49
1707981155940 0.21630962193012238 50
1707981156559 0.2134658247232437 51
1707981157176 0.21288776397705078 52
1707981157801 0.21205361187458038 53
1707981158425 0.21018086373806 54
1707981159043 0.21072353422641754 55
1707981159664 0.21093448996543884 56
1707981160282 0.2094143033027649 57
1707981160902 0.21002927422523499 58
1707981161524 0.20884248614311218 59
1707981162146 0.20664848387241364 60
1707981162778 0.20564250648021698 61
1707981163400 0.2065007984638214 62
1707981164019 0.20691347122192383 63
1707981164631 0.20525024831295013 64
1707981165263 0.20391803979873657 65
1707981165885 0.2041710764169693 66
1707981166496 0.2026006132364273 67
1707981167118 0.20241662859916687 68
1707981167755 0.20421819388866425 69
1707981168396 0.20301604270935059 70
1707981169024 0.2017928510904312 71
1707981169638 0.20276249945163727 72
1707981170355 0.20218506455421448 73
1707981170967 0.2010117918252945 74
1707981171590 0.20099447667598724 75
1707981172204 0.20032113790512085 76
1707981172834 0.20028609037399292 77
1707981173447 0.19977323710918427 78
1707981174063 0.19886349141597748 79
1707981174671 0.19915588200092316 80
1707981175292 0.19955171644687653 81
1707981175919 0.2007046937942505 82
1707981176544 0.19912700355052948 83
1707981177187 0.19746172428131104 84
1707981177807 0.19639509916305542 85
1707981178416 0.2002943903207779 86
1707981179029 0.19840607047080994 87
1707981179644 0.19805669784545898 88
1707981180261 0.19773298501968384 89
1707981180894 0.19854480028152466 90
1707981181507 0.19795864820480347 91
1707981182127 0.19705906510353088 92
1707981182746 0.19744062423706055 93
1707981183367 0.19523103535175323 94
1707981184009 0.1966775804758072 95
1707981184643 0.195929616689682 96
1707981185256 0.19819670915603638 97
1707981185875 0.19450433552265167 98
1707981186497 0.19533461332321167 99
1707981187116 0.19422467052936554 100
1707981187733 0.1965082585811615 101
1707981188368 0.19472137093544006 102
1707981188985 0.19350329041481018 103
1707981189603 0.19528448581695557 104
1707981190239 0.19420474767684937 105
1707981190863 0.1933867633342743 106
1707981191488 0.1949734389781952 107
1707981192119 0.19550588726997375 108
1707981192742 0.1931954026222229 109
1707981193366 0.19494213163852692 110
1707981193980 0.19271332025527954 111
1707981194602 0.19400808215141296 112
1707981195222 0.19340597093105316 113
1707981195832 0.19379881024360657 114
1707981196463 0.19313442707061768 115
1707981197085 0.19444134831428528 116
