1707781305957 0.5937833189964294 0
1707781307751 0.9226333498954773 1
1707781309544 0.9501166939735413 2
1707781311324 0.9615333080291748 3
1707781313103 0.9693499803543091 4
1707781314905 0.9742333292961121 5
1707781316710 0.977733314037323 6
1707781318511 0.9800999760627747 7
1707781320304 0.9821333289146423 8
1707781322091 0.9848833084106445 9
1707781324026 0.98621666431427 10
1707781326166 0.9875500202178955 11
1707781328021 0.9889666438102722 12
1707781329878 0.989466667175293 13
1707781331829 0.9906666874885559 14
1707781333678 0.9914666414260864 15
1707781335625 0.9921000003814697 16
1707781337559 0.992816686630249 17
1707781339322 0.9936500191688538 18
1707781341078 0.9938666820526123 19
1707781342937 0.9934333562850952 20
1707781344834 0.9947166442871094 21
1707781346582 0.994700014591217 22
1707781348479 0.995116651058197 23
1707781350212 0.9955166578292847 24
1707781352078 0.9961666464805603 25
1707781353980 0.9963499903678894 26
1707781355944 0.9964666962623596 27
1707781357819 0.9966166615486145 28
1707781359754 0.996399998664856 29
1707781361718 0.9968000054359436 30
1707781363651 0.9968166947364807 31
1707781365628 0.9974499940872192 32
1707781367596 0.9976666569709778 33
1707781369529 0.9970499873161316 34
1707781371456 0.9975000023841858 35
1707781373421 0.9975666403770447 36
1707781375305 0.9975166916847229 37
1707781377170 0.9978333115577698 38
1707781379088 0.9976500272750854 39
1707781381051 0.9979666471481323 40
1707781383001 0.9973333477973938 41
1707781384870 0.997866690158844 42
1707781386734 0.9979000091552734 43
1707781388556 0.9981499910354614 44
1707781390366 0.998449981212616 45
1707781392110 0.997866690158844 46
1707781393875 0.9983999729156494 47
1707781395639 0.9987000226974487 48
1707781397390 0.9982333183288574 49
1707781399212 0.9980499744415283 50
1707781400976 0.9984333515167236 51
1707781402744 0.9981333613395691 52
1707781404527 0.9984166622161865 53
1707781406294 0.9983999729156494 54
1707781408067 0.9985833168029785 55
1707781409859 0.9984999895095825 56
1707781411620 0.9983500242233276 57
1707781413406 0.9987499713897705 58
1707781415188 0.9980833530426025 59
1707781416967 0.9990166425704956 60
1707781418685 0.9983500242233276 61
1707781420414 0.9990500211715698 62
1707781422126 0.9985666871070862 63
1707781423832 0.9987499713897705 64
1707781425576 0.9988833069801331 65
1707781427328 0.998533308506012 66
1707781429064 0.9988333582878113 67
1707781430801 0.9988666772842407 68
1707781432554 0.9986000061035156 69
1707781434322 0.9989666938781738 70
1707781436086 0.9988333582878113 71
1707781437856 0.9988999962806702 72
1707781439757 0.9988999962806702 73
1707781441798 0.9988833069801331 74
1707781443684 0.9987999796867371 75
1707781445661 0.9988499879837036 76
1707781447615 0.9991833567619324 77
1707781449710 0.9991166591644287 78
1707781451489 0.9992833137512207 79
1707781453423 0.9988333582878113 80
1707781455310 0.9989166855812073 81
1707781457083 0.9993000030517578 82
1707781458881 0.9991333484649658 83
1707781460681 0.9992499947547913 84
1707781462661 0.9990166425704956 85
1707781464433 0.9990333318710327 86
1707781466222 0.9989500045776367 87
1707781468158 0.9990333318710327 88
1707781469942 0.9987333416938782 89
1707781471723 0.9991166591644287 90
1707781473572 0.9988833069801331 91
1707781475467 0.9990833401679993 92
1707781477548 0.9991166591644287 93
1707781480537 0.9989666938781738 94
1707781482451 0.9991166591644287 95
1707781484250 0.9993500113487244 96
1707781486121 0.9990500211715698 97
1707781487905 0.9992499947547913 98
1707781489768 0.9990166425704956 99
1707781491583 0.9991833567619324 100
1707781493362 0.9991499781608582 101
1707781495138 0.9992833137512207 102
1707781497030 0.9990000128746033 103
1707781499051 0.9994500279426575 104
1707781500947 0.9990000128746033 105
1707781502850 0.9992166757583618 106
1707781504742 0.9992833137512207 107
1707781506503 0.9994000196456909 108
1707781508439 0.9993500113487244 109
1707781510436 0.9992333054542542 110
1707781512577 0.9993000030517578 111
1707781515075 0.9992333054542542 112
1707781517035 0.9993833303451538 113
1707781518824 0.9992499947547913 114
1707781520598 0.9991000294685364 115
1707781522451 0.9992166757583618 116
1707781524314 0.9993833303451538 117
1707781526181 0.9994500279426575 118
1707781528374 0.9991833567619324 119
1707781530273 0.9992666840553284 120
1707781532060 0.9991833567619324 121
1707781533858 0.9996333122253418 122
1707781535624 0.9995333552360535 123
1707781537451 0.9994166493415833 124
1707781539318 0.9992333054542542 125
1707781541086 0.9990166425704956 126
1707781542844 0.9992333054542542 127
1707781544815 0.9992833137512207 128
1707781546730 0.9994833469390869 129
1707781548705 0.9996500015258789 130
1707781550796 0.9992666840553284 131
1707781552922 0.9994000196456909 132
1707781555807 0.9994333386421204 133
1707781557881 0.9990500211715698 134
1707781559935 0.9991666674613953 135
1707781561909 0.9993333220481873 136
1707781564016 0.9993166923522949 137
1707781566098 0.9992666840553284 138
1707781568360 0.9994333386421204 139
1707781570275 0.9991666674613953 140
1707781572155 0.9994333386421204 141
1707781574178 0.9989833235740662 142
1707781576059 0.9994999766349792 143
1707781577861 0.9995999932289124 144
1707781579752 0.9994833469390869 145
1707781581726 0.9994333386421204 146
1707781583734 0.9992666840553284 147
1707781585759 0.9993166923522949 148
1707781587723 0.9993500113487244 149
1707781589776 0.9993500113487244 150
1707781591713 0.9993833303451538 151
1707781593849 0.9994000196456909 152
1707781595902 0.9994500279426575 153
1707781597775 0.9997000098228455 154
1707781599993 0.9992666840553284 155
1707781602598 0.9995333552360535 156
1707781605195 0.9995499849319458 157
1707781607226 0.9995666742324829 158
1707781609287 0.9995499849319458 159
1707781611137 0.9994999766349792 160
1707781612953 0.9995999932289124 161
1707781614726 0.9995499849319458 162
1707781616497 0.9993833303451538 163
1707781618278 0.9993000030517578 164
1707781620155 0.9995499849319458 165
1707781621982 0.9994166493415833 166
1707781623848 0.9994833469390869 167
1707781626316 0.9996500015258789 168
1707781628232 0.9994500279426575 169
1707781630049 0.9996166825294495 170
1707781631838 0.9994333386421204 171
1707781633627 0.9994999766349792 172
1707781635996 0.9994333386421204 173
1707781638318 0.9994500279426575 174
1707781640149 0.9997166395187378 175
1707781642052 0.9994666576385498 176
1707781643839 0.9995666742324829 177
1707781646308 0.9994999766349792 178
1707781648398 0.9994999766349792 179
1707781650487 0.9996500015258789 180
1707781652691 0.9994999766349792 181
1707781654828 0.9994833469390869 182
1707781657126 0.9993000030517578 183
1707781659452 0.9995333552360535 184
1707781661956 0.9994333386421204 185
1707781664454 0.9996500015258789 186
1707781666813 0.9993833303451538 187
1707781668651 0.9995499849319458 188
1707781670421 0.9993000030517578 189
1707781672215 0.9994666576385498 190
1707781674244 0.9995666742324829 191
1707781676313 0.9993000030517578 192
1707781678629 0.9994166493415833 193
1707781680499 0.999666690826416 194
1707781682750 0.9995499849319458 195
1707781684627 0.9998000264167786 196
1707781686556 0.9997166395187378 197
1707781688361 0.9994166493415833 198
1707781690635 0.9997666478157043 199
1707781692835 0.9992333054542542 200
1707781695239 0.9995833039283752 201
1707781697318 0.9996500015258789 202
1707781699660 0.9996333122253418 203
1707781701424 0.9995499849319458 204
1707781703276 0.9997000098228455 205
1707781705710 0.9993833303451538 206
1707781707980 0.9994666576385498 207
1707781710250 0.9995833039283752 208
1707781712061 0.9995833039283752 209
1707781713895 0.9995833039283752 210
1707781715777 0.9996500015258789 211
1707781717622 0.9993666410446167 212
1707781720095 0.9995999932289124 213
1707781722242 0.999916672706604 214
1707781724734 0.9995999932289124 215
1707781726889 0.9995999932289124 216
1707781729309 0.9993833303451538 217
1707781731383 0.9994166493415833 218
1707781733190 0.9996833205223083 219
1707781735397 0.9993666410446167 220
1707781737172 0.9995333552360535 221
1707781738934 0.9998166561126709 222
1707781740743 0.9999499917030334 223
1707781742504 0.9993500113487244 224
1707781744289 0.9994333386421204 225
1707781746039 0.999916672706604 226
1707781747832 0.9995333552360535 227
1707781749726 0.9994833469390869 228
1707781751711 0.9994500279426575 229
1707781753690 0.9998499751091003 230
1707781755481 0.999666690826416 231
1707781757260 0.9995499849319458 232
1707781759040 0.9998833537101746 233
1707781760806 0.9995499849319458 234
1707781762595 0.9997333288192749 235
1707781764388 0.999750018119812 236
1707781766171 0.9997666478157043 237
1707781767941 0.9998666644096375 238
1707781770095 0.9996166825294495 239
1707781772441 0.9994833469390869 240
1707781774468 0.9994833469390869 241
1707781776255 0.9995833039283752 242
1707781778017 0.9996333122253418 243
1707781779816 0.9994166493415833 244
1707781781568 0.9997833371162415 245
1707781783334 0.9995833039283752 246
1707781785118 0.999666690826416 247
1707781786870 0.9994666576385498 248
1707781788760 0.9996166825294495 249
1707781790562 0.9995666742324829 250
1707781792320 0.9998833537101746 251
1707781794123 0.9995499849319458 252
1707781795890 0.9996833205223083 253
1707781797665 0.9996833205223083 254
1707781799438 0.9994833469390869 255
1707781801294 0.9998166561126709 256
1707781803033 0.9996500015258789 257
1707781804822 0.9994833469390869 258
1707781806587 0.9998000264167786 259
1707781808356 0.9997166395187378 260
1707781810113 0.9996833205223083 261
1707781811868 0.9995166659355164 262
1707781813621 0.9997833371162415 263
1707781815421 0.9994333386421204 264
1707781817190 0.9997166395187378 265
1707781818970 0.9994833469390869 266
1707781820740 0.9997833371162415 267
1707781822540 0.999666690826416 268
1707781824335 0.9994166493415833 269
1707781826097 0.9994000196456909 270
1707781827970 0.9996500015258789 271
1707781829768 0.9996500015258789 272
1707781831527 0.9996833205223083 273
1707781833350 0.9994999766349792 274
1707781835253 0.9997833371162415 275
1707781837035 0.9994999766349792 276
1707781838809 0.999666690826416 277
1707781840586 0.9998666644096375 278
1707781842349 0.9996833205223083 279
1707781844141 0.9997166395187378 280
1707781845903 0.9996333122253418 281
1707781847662 0.9994166493415833 282
1707781849430 0.9998666644096375 283
1707781851211 0.9995166659355164 284
1707781852982 0.9996333122253418 285
1707781854735 0.9997666478157043 286
1707781856515 0.9994666576385498 287
1707781858280 0.9997166395187378 288
1707781860069 0.9997666478157043 289
1707781861867 0.9997333288192749 290
1707781863634 0.9994666576385498 291
1707781865385 0.9997833371162415 292
1707781867159 0.999750018119812 293
1707781868921 0.9996500015258789 294
1707781870688 0.9995833039283752 295
1707781872447 0.9995833039283752 296
1707781874387 0.9998166561126709 297
1707781876171 0.9994833469390869 298
1707781877935 0.9995333552360535 299
