1707781305957 0.2660048007965088 0
1707781307751 0.1158084124326706 1
1707781309544 0.054006148129701614 2
1707781311324 0.032905515283346176 3
1707781313103 0.024134326726198196 4
1707781314905 0.019176438450813293 5
1707781316710 0.016322381794452667 6
1707781318511 0.01393581461161375 7
1707781320304 0.01254906877875328 8
1707781322091 0.010923849418759346 9
1707781324026 0.009780031628906727 10
1707781326166 0.00883280299603939 11
1707781328021 0.007942325435578823 12
1707781329878 0.007269164547324181 13
1707781331829 0.006492031272500753 14
1707781333678 0.006018896587193012 15
1707781335625 0.005499120801687241 16
1707781337559 0.005008473992347717 17
1707781339322 0.004552575759589672 18
1707781341078 0.004365021828562021 19
1707781342937 0.004394311457872391 20
1707781344834 0.003846024861559272 21
1707781346582 0.00371585157699883 22
1707781348479 0.003379391971975565 23
1707781350212 0.003317308146506548 24
1707781352078 0.0029443257953971624 25
1707781353980 0.0027719642966985703 26
1707781355944 0.002747107995674014 27
1707781357819 0.002588102826848626 28
1707781359754 0.0026117810048162937 29
1707781361718 0.002316503319889307 30
1707781363651 0.0022697539534419775 31
1707781365628 0.0020827248226851225 32
1707781367596 0.001906009973026812 33
1707781369529 0.002095605479553342 34
1707781371456 0.0019009624375030398 35
1707781373421 0.0018749707378447056 36
1707781375305 0.001931161736138165 37
1707781377170 0.0017474401975050569 38
1707781379088 0.001745853922329843 39
1707781381051 0.0015869062626734376 40
1707781383001 0.001874973764643073 41
1707781384870 0.001623802469111979 42
1707781386734 0.001570546650327742 43
1707781388556 0.001386472606100142 44
1707781390366 0.0013234186917543411 45
1707781392110 0.0015565428184345365 46
1707781393875 0.001272958586923778 47
1707781395639 0.0010928596602752805 48
1707781397390 0.001373373786918819 49
1707781399212 0.001348461490124464 50
1707781400976 0.001235926290974021 51
1707781402744 0.0013584984699264169 52
1707781404527 0.0012021004222333431 53
1707781406294 0.001206152606755495 54
1707781408067 0.0011530129704624414 55
1707781409859 0.0010583954863250256 56
1707781411620 0.0012051581870764494 57
1707781413406 0.001030641607940197 58
1707781415188 0.001361303380690515 59
1707781416967 0.000877587532158941 60
1707781418685 0.0012073738034814596 61
1707781420414 0.0007381674367934465 62
1707781422126 0.0010798374423757195 63
1707781423832 0.0009034707327373326 64
1707781425576 0.0008340548374690115 65
1707781427328 0.000991361914202571 66
1707781429064 0.0009345408179797232 67
1707781430801 0.0007858324679546058 68
1707781432554 0.001048054895363748 69
1707781434322 0.0008726867963559926 70
1707781436086 0.0008737799944356084 71
1707781437856 0.0008597898995503783 72
1707781439757 0.0009060587035492063 73
1707781441798 0.0008987808250822127 74
1707781443684 0.0009241820662282407 75
1707781445661 0.0007550126174464822 76
1707781447615 0.0006928901420906186 77
1707781449710 0.000725132878869772 78
1707781451489 0.0005611300002783537 79
1707781453423 0.0007875860901549459 80
1707781455310 0.0007437410531565547 81
1707781457083 0.0005685259238816798 82
1707781458881 0.0007222745334729552 83
1707781460681 0.0007196952938102186 84
1707781462661 0.0007207761518657207 85
1707781464433 0.0006617420585826039 86
1707781466222 0.0007048417464829981 87
1707781468158 0.0007055066525936127 88
1707781469942 0.0008446492138318717 89
1707781471723 0.0007544052205048501 90
1707781473572 0.00082727603148669 91
1707781475467 0.0007327768253162503 92
1707781477548 0.000709983694832772 93
1707781480537 0.0007433913415297866 94
1707781482451 0.0006599717307835817 95
1707781484250 0.0005289576947689056 96
1707781486121 0.0007146481075324118 97
1707781487905 0.0006565791554749012 98
1707781489768 0.0006899581057950854 99
1707781491583 0.0006326874135993421 100
1707781493362 0.000612397794611752 101
1707781495138 0.0006941641913726926 102
1707781497030 0.0007379470043815672 103
1707781499051 0.0004739789292216301 104
1707781500947 0.0008522924035787582 105
1707781502850 0.0006761702243238688 106
1707781504742 0.0005618084687739611 107
1707781506503 0.000571864889934659 108
1707781508439 0.0005100535345263779 109
1707781510436 0.0006799785769544542 110
1707781512577 0.0005182025488466024 111
1707781515075 0.0006068728398531675 112
1707781517035 0.000595400866586715 113
1707781518824 0.0005543815204873681 114
1707781520598 0.0006551278638653457 115
1707781522451 0.0005992209771648049 116
1707781524314 0.0005431545432657003 117
1707781526181 0.0005085848970338702 118
1707781528374 0.0006046048947609961 119
1707781530273 0.0005379635840654373 120
1707781532060 0.0005782213411293924 121
1707781533858 0.0003433072997722775 122
1707781535624 0.0004738331481348723 123
1707781537451 0.0005073617794550955 124
1707781539318 0.0005774746532551944 125
1707781541086 0.0006929670926183462 126
1707781542844 0.0006037104176357388 127
1707781544815 0.000529280339833349 128
1707781546730 0.0004295926773920655 129
1707781548705 0.0003602990473154932 130
1707781550796 0.0005669356905855238 131
1707781552922 0.0004403404309414327 132
1707781555807 0.00037703639827668667 133
1707781557881 0.0006758130621165037 134
1707781559935 0.0006212868611328304 135
1707781561909 0.0005417783977463841 136
1707781564016 0.0006013088277541101 137
1707781566098 0.0005107421311549842 138
1707781568360 0.00047727933269925416 139
1707781570275 0.0006300794775597751 140
1707781572155 0.00041992857586592436 141
1707781574178 0.000732922984752804 142
1707781576059 0.00045017196680419147 143
1707781577861 0.00033670561970211565 144
1707781579752 0.0004467811668291688 145
1707781581726 0.0005247371736913919 146
1707781583734 0.0005977656692266464 147
1707781585759 0.0004958235658705235 148
1707781587723 0.00046770594781264663 149
1707781589776 0.0005280999466776848 150
1707781591713 0.00045770066208206117 151
1707781593849 0.0005267013912089169 152
1707781595902 0.000506120384670794 153
1707781597775 0.0003051390522159636 154
1707781599993 0.0005978175904601812 155
1707781602598 0.000342442886903882 156
1707781605195 0.00035242203739471734 157
1707781607226 0.00046943125198595226 158
1707781609287 0.0004183529526926577 159
1707781611137 0.00041622811113484204 160
1707781612953 0.0003316666407044977 161
1707781614726 0.0004384108178783208 162
1707781616497 0.0004563202674034983 163
1707781618278 0.0005776082980446517 164
1707781620155 0.0003267368592787534 165
1707781621982 0.0004626759036909789 166
1707781623848 0.00038759742164984345 167
1707781626316 0.00031568476697430015 168
1707781628232 0.000444895529653877 169
1707781630049 0.0003511074173729867 170
1707781631838 0.0005180092412047088 171
1707781633627 0.0004034356097690761 172
1707781635996 0.0005509296897798777 173
1707781638318 0.0003761124680750072 174
1707781640149 0.00025745757739059627 175
1707781642052 0.0004544080002233386 176
1707781643839 0.0003373849322088063 177
1707781646308 0.0004710661305580288 178
1707781648398 0.00044887553667649627 179
1707781650487 0.0002995463728439063 180
1707781652691 0.00046397052938118577 181
1707781654828 0.0004198541573714465 182
1707781657126 0.0006126838270574808 183
1707781659452 0.00034021458122879267 184
1707781661956 0.0004451046115718782 185
1707781664454 0.0002809088327921927 186
1707781666813 0.00047771388199180365 187
1707781668651 0.00032401352655142546 188
1707781670421 0.0004781055322382599 189
1707781672215 0.0004017319006379694 190
1707781674244 0.00036860042018815875 191
1707781676313 0.0004715852555818856 192
1707781678629 0.00034793379018083215 193
1707781680499 0.0003218189813196659 194
1707781682750 0.00038939964724704623 195
1707781684627 0.0002206216740887612 196
1707781686556 0.0002726977691054344 197
1707781688361 0.0003662284289021045 198
1707781690635 0.00021495910186786205 199
1707781692835 0.0005953266518190503 200
1707781695239 0.00035278822178952396 201
1707781697318 0.0002505785378161818 202
1707781699660 0.00034625292755663395 203
1707781701424 0.0003017490962520242 204
1707781703276 0.00020558616961352527 205
1707781705710 0.00041647572652436793 206
1707781707980 0.0003915245761163533 207
1707781710250 0.0003702271787915379 208
1707781712061 0.00035122569533996284 209
1707781713895 0.000357903161784634 210
1707781715777 0.00027583216433413327 211
1707781717622 0.0005092843202874064 212
1707781720095 0.00034995388705283403 213
1707781722242 9.889477223623544e-05 214
1707781724734 0.0003296523354947567 215
1707781726889 0.0003422069421503693 216
1707781729309 0.0004270228964742273 217
1707781731383 0.0005359075730666518 218
1707781733190 0.0002535107487346977 219
1707781735397 0.0004748041392304003 220
1707781737172 0.00037370662903413177 221
1707781738934 0.00015596415323670954 222
1707781740743 6.252933235373348e-05 223
1707781742504 0.0004119925433769822 224
1707781744289 0.0004095537296961993 225
1707781746039 0.00010266513709211722 226
1707781747832 0.00039080806891433895 227
1707781749726 0.0003910413070116192 228
1707781751711 0.0003532536211423576 229
1707781753690 0.00020348094403743744 230
1707781755481 0.0002430567255942151 231
1707781757260 0.00036217531305737793 232
1707781759040 0.0001182123669423163 233
1707781760806 0.00040693438495509326 234
1707781762595 0.00018097796419169754 235
1707781764388 0.00019194529158994555 236
1707781766171 0.0002381898812018335 237
1707781767941 0.00011702955089276657 238
1707781770095 0.0003623581142164767 239
1707781772441 0.00035896548070013523 240
1707781774468 0.0004138587974011898 241
1707781776255 0.00031593561288900673 242
1707781778017 0.0003359114343766123 243
1707781779816 0.00047052072477526963 244
1707781781568 0.00019664896535687149 245
1707781783334 0.00041259496356360614 246
1707781785118 0.0002745881211012602 247
1707781786870 0.00041182717541232705 248
1707781788760 0.00027780522941611707 249
1707781790562 0.0003119045286439359 250
1707781792320 0.0001456871978007257 251
1707781794123 0.0003689958539325744 252
1707781795890 0.00027841879636980593 253
1707781797665 0.0002590909425634891 254
1707781799438 0.0004564498085528612 255
1707781801294 0.0001940121583174914 256
1707781803033 0.000312274438329041 257
1707781804822 0.0005018851952627301 258
1707781806587 0.00019021169282495975 259
1707781808356 0.0003061378374695778 260
1707781810113 0.00024294693139381707 261
1707781811868 0.00035665411269292235 262
1707781813621 0.0001948899298440665 263
1707781815421 0.0004644367436412722 264
1707781817190 0.00022883313067723066 265
1707781818970 0.00043980611371807754 266
1707781820740 0.0002780257782433182 267
1707781822540 0.0002345286193303764 268
1707781824335 0.0004757364222314209 269
1707781826097 0.0004621449043042958 270
1707781827970 0.0002657560398802161 271
1707781829768 0.0002907070447690785 272
1707781831527 0.0002509320620447397 273
1707781833350 0.00036169742816127837 274
1707781835253 0.0002012742479564622 275
1707781837035 0.00047468399861827493 276
1707781838809 0.0002712552377488464 277
1707781840586 0.00017292330448981375 278
1707781842349 0.0002998712006956339 279
1707781844141 0.0003318797389511019 280
1707781845903 0.0002833081816788763 281
1707781847662 0.00040964363142848015 282
1707781849430 0.00013165884593036026 283
1707781851211 0.0003884255711454898 284
1707781852982 0.00024637419846840203 285
1707781854735 0.00018545991042628884 286
1707781856515 0.00041453560697846115 287
1707781858280 0.0002464557474013418 288
1707781860069 0.00021468623890541494 289
1707781861867 0.00023860872897785157 290
1707781863634 0.00043618446215987206 291
1707781865385 0.00020084046991541982 292
1707781867159 0.0001921469229273498 293
1707781868921 0.0002922085113823414 294
1707781870688 0.00035017915070056915 295
1707781872447 0.0002520079433452338 296
1707781874387 0.00017046024731826037 297
1707781876171 0.0003872829838655889 298
1707781877935 0.0004008503456134349 299
