1707981212408 0.10209999978542328 0
1707981213038 0.1014999970793724 1
1707981213646 0.10660000145435333 2
1707981214262 0.10459999740123749 3
1707981214883 0.12780000269412994 4
1707981215626 0.17030000686645508 5
1707981216273 0.20020000636577606 6
1707981216903 0.2110999971628189 7
1707981217530 0.21570000052452087 8
1707981218142 0.2272000014781952 9
1707981218757 0.23600000143051147 10
1707981219365 0.2468000054359436 11
1707981219972 0.25760000944137573 12
1707981220583 0.26579999923706055 13
1707981221188 0.274399995803833 14
1707981221795 0.28209999203681946 15
1707981222402 0.2906999886035919 16
1707981223024 0.28690001368522644 17
1707981223635 0.29760000109672546 18
1707981224252 0.2969000041484833 19
1707981224866 0.2996000051498413 20
1707981225482 0.29490000009536743 21
1707981226109 0.3000999987125397 22
1707981226718 0.30809998512268066 23
1707981227331 0.3084000051021576 24
1707981227938 0.31520000100135803 25
1707981228564 0.328000009059906 26
1707981229189 0.32670000195503235 27
1707981229812 0.33320000767707825 28
1707981230429 0.3434000015258789 29
1707981231024 0.35429999232292175 30
1707981231642 0.35519999265670776 31
1707981232262 0.3610999882221222 32
1707981232881 0.37439998984336853 33
1707981233504 0.37229999899864197 34
1707981234117 0.38179999589920044 35
1707981234739 0.37950000166893005 36
1707981235362 0.3853999972343445 37
1707981235967 0.3887999951839447 38
1707981236585 0.39169999957084656 39
1707981237193 0.40380001068115234 40
1707981237811 0.4041000008583069 41
1707981238426 0.41200000047683716 42
1707981239035 0.4090000092983246 43
1707981239654 0.4180000126361847 44
1707981240271 0.43309998512268066 45
1707981240892 0.4433000087738037 46
1707981241503 0.4544999897480011 47
1707981242126 0.4648999869823456 48
1707981242808 0.46399998664855957 49
1707981243460 0.4738999903202057 50
1707981244142 0.4733999967575073 51
1707981244756 0.4837000072002411 52
1707981245368 0.4851999878883362 53
1707981245982 0.48170000314712524 54
1707981246590 0.4945000112056732 55
1707981247197 0.48570001125335693 56
1707981247814 0.4839000105857849 57
1707981248421 0.4968000054359436 58
1707981249035 0.4918999969959259 59
1707981249654 0.49709999561309814 60
1707981250281 0.4948999881744385 61
1707981250895 0.5048999786376953 62
1707981251506 0.5023999810218811 63
1707981252120 0.5027999877929688 64
1707981252744 0.5077000260353088 65
1707981253360 0.5101000070571899 66
1707981253966 0.5113999843597412 67
1707981254570 0.507099986076355 68
1707981255184 0.5145999789237976 69
1707981255790 0.51419997215271 70
1707981256491 0.5189999938011169 71
1707981257234 0.5235999822616577 72
1707981257858 0.5274999737739563 73
1707981258473 0.5246999859809875 74
1707981259087 0.5264000296592712 75
1707981259704 0.524399995803833 76
1707981260322 0.5286999940872192 77
1707981260938 0.534600019454956 78
1707981261545 0.5289999842643738 79
1707981262214 0.538100004196167 80
1707981262821 0.5361999869346619 81
1707981263448 0.5317000150680542 82
1707981264062 0.5390999913215637 83
1707981264683 0.5354999899864197 84
1707981265290 0.5353999733924866 85
1707981265908 0.5401999950408936 86
1707981266513 0.5490000247955322 87
1707981267130 0.545799970626831 88
1707981267756 0.5432000160217285 89
1707981268370 0.544700026512146 90
1707981269001 0.5472000241279602 91
1707981269618 0.5450999736785889 92
1707981270232 0.5486999750137329 93
1707981270860 0.5541999936103821 94
1707981271462 0.5522000193595886 95
1707981272077 0.5558000206947327 96
1707981272693 0.5597000122070312 97
1707981273318 0.5667999982833862 98
1707981273929 0.5667999982833862 99
1707981274548 0.5627999901771545 100
1707981275156 0.5745999813079834 101
1707981275784 0.5709999799728394 102
1707981276395 0.5742999911308289 103
1707981277026 0.578000009059906 104
1707981277651 0.5806000232696533 105
1707981278263 0.5787000060081482 106
1707981278872 0.58160001039505 107
1707981279486 0.5902000069618225 108
1707981280109 0.5838000178337097 109
1707981280721 0.5785999894142151 110
1707981281354 0.586899995803833 111
1707981281961 0.5867000222206116 112
1707981282573 0.5896999835968018 113
1707981283187 0.5874000191688538 114
1707981283798 0.5746999979019165 115
1707981284407 0.5856000185012817 116
1707981285033 0.5896999835968018 117
1707981285664 0.590499997138977 118
1707981286298 0.5938000082969666 119
1707981286908 0.5896000266075134 120
1707981287523 0.5884000062942505 121
1707981288150 0.5895000100135803 122
1707981288752 0.5864999890327454 123
1707981289363 0.5946000218391418 124
1707981289965 0.593500018119812 125
1707981290587 0.5884000062942505 126
1707981291200 0.5942000150680542 127
1707981291826 0.597000002861023 128
1707981292446 0.5913000106811523 129
1707981293082 0.5954999923706055 130
1707981293703 0.59170001745224 131
1707981294321 0.5896999835968018 132
1707981294930 0.5983999967575073 133
1707981295541 0.5958999991416931 134
1707981296159 0.5950000286102295 135
1707981296766 0.59579998254776 136
1707981297414 0.5946999788284302 137
1707981298024 0.5853999853134155 138
1707981298636 0.5985999703407288 139
1707981299246 0.5999000072479248 140
1707981299852 0.5989000201225281 141
1707981300481 0.6022999882698059 142
1707981301103 0.6004999876022339 143
1707981301728 0.5956000089645386 144
1707981302347 0.6018999814987183 145
1707981302963 0.6007999777793884 146
1707981303575 0.602400004863739 147
1707981304202 0.6021999716758728 148
1707981304809 0.6008999943733215 149
1707981305435 0.6068999767303467 150
1707981306048 0.6078000068664551 151
1707981306671 0.6098999977111816 152
1707981307278 0.6019999980926514 153
1707981307880 0.6121000051498413 154
1707981308493 0.6083999872207642 155
1707981309113 0.6158999800682068 156
1707981309732 0.612500011920929 157
1707981310346 0.6100000143051147 158
1707981310970 0.6116999983787537 159
1707981311584 0.612500011920929 160
1707981312199 0.6238999962806702 161
1707981312813 0.6277999877929688 162
1707981313448 0.6237000226974487 163
1707981314074 0.6331999897956848 164
1707981314689 0.6315000057220459 165
1707981315307 0.6334999799728394 166
1707981315919 0.6377999782562256 167
1707981316528 0.6380000114440918 168
1707981317160 0.6445000171661377 169
1707981317784 0.6459000110626221 170
1707981318456 0.6499999761581421 171
1707981319102 0.6449000239372253 172
1707981319718 0.650600016117096 173
1707981320342 0.6510000228881836 174
1707981320975 0.644599974155426 175
1707981321599 0.6460999846458435 176
1707981322222 0.652400016784668 177
1707981322805 0.6495000123977661 178
1707981323375 0.6531999707221985 179
1707981323946 0.6586999893188477 180
1707981324519 0.6575000286102295 181
1707981325092 0.6559000015258789 182
1707981325670 0.6535999774932861 183
1707981326247 0.6492999792098999 184
1707981326811 0.6539000272750854 185
1707981327398 0.6549000144004822 186
1707981327974 0.6664000153541565 187
1707981328550 0.659600019454956 188
1707981329136 0.6547999978065491 189
1707981329721 0.6581000089645386 190
1707981330285 0.6585000157356262 191
1707981330857 0.6603000164031982 192
1707981331431 0.650600016117096 193
1707981332003 0.6541000008583069 194
1707981332580 0.6528000235557556 195
1707981333163 0.6514000296592712 196
1707981333738 0.6635000109672546 197
1707981334312 0.6581000089645386 198
1707981334900 0.6639999747276306 199
1707981335484 0.6557000279426575 200
1707981336063 0.6610000133514404 201
1707981336634 0.6583999991416931 202
1707981337238 0.657800018787384 203
1707981337819 0.6610000133514404 204
1707981338395 0.656499981880188 205
1707981338971 0.6614000201225281 206
1707981339550 0.6653000116348267 207
1707981340118 0.656499981880188 208
1707981340691 0.660099983215332 209
1707981341280 0.6629999876022339 210
1707981341855 0.6636000275611877 211
1707981342443 0.6628999710083008 212
1707981343018 0.6722999811172485 213
1707981343602 0.6635000109672546 214
1707981344184 0.6604999899864197 215
1707981344760 0.6700000166893005 216
1707981345338 0.6640999913215637 217
1707981345917 0.664900004863739 218
1707981346495 0.6614000201225281 219
1707981347063 0.6628999710083008 220
1707981347653 0.6758000254631042 221
1707981348235 0.6582000255584717 222
1707981348812 0.659600019454956 223
1707981349399 0.6679999828338623 224
1707981349988 0.660099983215332 225
1707981350563 0.6665999889373779 226
1707981351150 0.6636999845504761 227
1707981351723 0.6699000000953674 228
1707981352311 0.6603999733924866 229
1707981352890 0.6608999967575073 230
1707981353482 0.6687999963760376 231
1707981354058 0.6636999845504761 232
1707981354626 0.6668000221252441 233
1707981355204 0.6676999926567078 234
1707981355779 0.6608999967575073 235
1707981356352 0.6678000092506409 236
1707981356939 0.671500027179718 237
1707981357524 0.66839998960495 238
1707981358108 0.67330002784729 239
1707981358694 0.6680999994277954 240
1707981359268 0.6729999780654907 241
1707981359861 0.6725000143051147 242
1707981360468 0.6679999828338623 243
1707981361055 0.6657000184059143 244
1707981361647 0.6718999743461609 245
1707981362231 0.6761000156402588 246
1707981362810 0.670199990272522 247
1707981363389 0.6729999780654907 248
1707981363972 0.6705999970436096 249
1707981364544 0.6705999970436096 250
1707981365120 0.670799970626831 251
1707981365714 0.6753000020980835 252
1707981366299 0.6733999848365784 253
1707981366881 0.6793000102043152 254
1707981367460 0.6712999939918518 255
1707981368044 0.678600013256073 256
1707981368624 0.6751999855041504 257
1707981369200 0.6779000163078308 258
1707981369796 0.66839998960495 259
1707981370382 0.6743000149726868 260
1707981370966 0.6855000257492065 261
1707981371538 0.6847000122070312 262
1707981372134 0.6780999898910522 263
1707981372704 0.6830999851226807 264
1707981373281 0.6775000095367432 265
1707981373873 0.6793000102043152 266
1707981374458 0.6754999756813049 267
1707981375039 0.6740000247955322 268
1707981375628 0.6812999844551086 269
1707981376218 0.680899977684021 270
1707981376793 0.6765999794006348 271
1707981377367 0.6847000122070312 272
1707981377961 0.6779000163078308 273
1707981378547 0.6830000281333923 274
1707981379124 0.6804999709129333 275
1707981379701 0.6886000037193298 276
1707981380296 0.6822999715805054 277
1707981380868 0.6855000257492065 278
1707981381447 0.6922000050544739 279
1707981382056 0.6865000128746033 280
1707981382810 0.6847000122070312 281
1707981383385 0.6866999864578247 282
1707981383969 0.6909000277519226 283
1707981384561 0.6872000098228455 284
1707981385147 0.6866999864578247 285
1707981385732 0.6958000063896179 286
1707981386318 0.6833000183105469 287
1707981386894 0.6888999938964844 288
1707981387471 0.6870999932289124 289
1707981388053 0.6869999766349792 290
1707981388640 0.6859999895095825 291
1707981389232 0.6898000240325928 292
1707981389822 0.6818000078201294 293
1707981390407 0.6858000159263611 294
1707981390975 0.6901000142097473 295
1707981391553 0.6869999766349792 296
1707981392135 0.6908000111579895 297
1707981392714 0.689300000667572 298
1707981393299 0.6912999749183655 299
