1707981212408 0.7030052542686462 0
1707981213038 0.4440622627735138 1
1707981213646 0.3876686096191406 2
1707981214262 0.36877644062042236 3
1707981214883 0.35755419731140137 4
1707981215626 0.34546157717704773 5
1707981216273 0.3292621970176697 6
1707981216903 0.3192588984966278 7
1707981217530 0.31327053904533386 8
1707981218142 0.30941465497016907 9
1707981218757 0.3061627149581909 10
1707981219365 0.30350226163864136 11
1707981219972 0.3008083403110504 12
1707981220583 0.29859524965286255 13
1707981221188 0.29558438062667847 14
1707981221795 0.29299718141555786 15
1707981222402 0.2904484272003174 16
1707981223024 0.2884589731693268 17
1707981223635 0.2859681248664856 18
1707981224252 0.28467559814453125 19
1707981224866 0.2830609977245331 20
1707981225482 0.28284603357315063 21
1707981226109 0.2812595069408417 22
1707981226718 0.2806670367717743 23
1707981227331 0.27958568930625916 24
1707981227938 0.27914944291114807 25
1707981228564 0.2774224579334259 26
1707981229189 0.2783051133155823 27
1707981229812 0.277152955532074 28
1707981230429 0.2763352394104004 29
1707981231024 0.2755085229873657 30
1707981231642 0.2746482193470001 31
1707981232262 0.2748573422431946 32
1707981232881 0.273027628660202 33
1707981233504 0.27346429228782654 34
1707981234117 0.27241411805152893 35
1707981234739 0.2718975841999054 36
1707981235362 0.27149656414985657 37
1707981235967 0.2701062858104706 38
1707981236585 0.270246684551239 39
1707981237193 0.2696964740753174 40
1707981237811 0.2686280608177185 41
1707981238426 0.2683066129684448 42
1707981239035 0.26751041412353516 43
1707981239654 0.26719173789024353 44
1707981240271 0.26559698581695557 45
1707981240892 0.26500388979911804 46
1707981241503 0.26246052980422974 47
1707981242126 0.26171842217445374 48
1707981242808 0.2611192762851715 49
1707981243460 0.26043111085891724 50
1707981244142 0.2604771852493286 51
1707981244756 0.2594297230243683 52
1707981245368 0.2578144371509552 53
1707981245982 0.25803428888320923 54
1707981246590 0.2566543519496918 55
1707981247197 0.2568318247795105 56
1707981247814 0.2564360499382019 57
1707981248421 0.2562233507633209 58
1707981249035 0.2562016248703003 59
1707981249654 0.2550066411495209 60
1707981250281 0.25477543473243713 61
1707981250895 0.254411906003952 62
1707981251506 0.2538261413574219 63
1707981252120 0.2530033588409424 64
1707981252744 0.2540053427219391 65
1707981253360 0.2523822486400604 66
1707981253966 0.2524404525756836 67
1707981254570 0.2522527873516083 68
1707981255184 0.25226956605911255 69
1707981255790 0.2520671784877777 70
1707981256491 0.25127074122428894 71
1707981257234 0.2508816719055176 72
1707981257858 0.2512373626232147 73
1707981258473 0.25086912512779236 74
1707981259087 0.2508567273616791 75
1707981259704 0.25096386671066284 76
1707981260322 0.25063908100128174 77
1707981260938 0.2493104785680771 78
1707981261545 0.24951572716236115 79
1707981262214 0.2493181675672531 80
1707981262821 0.24986760318279266 81
1707981263448 0.2497566193342209 82
1707981264062 0.2478446513414383 83
1707981264683 0.2482750415802002 84
1707981265290 0.24818576872348785 85
1707981265908 0.24867117404937744 86
1707981266513 0.24775023758411407 87
1707981267130 0.24688945710659027 88
1707981267756 0.24796415865421295 89
1707981268370 0.2470027357339859 90
1707981269001 0.24669618904590607 91
1707981269618 0.24733024835586548 92
1707981270232 0.2465200424194336 93
1707981270860 0.24735519289970398 94
1707981271462 0.24586518108844757 95
1707981272077 0.2463138848543167 96
1707981272693 0.24637985229492188 97
1707981273318 0.24593256413936615 98
1707981273929 0.24440476298332214 99
1707981274548 0.24686047434806824 100
1707981275156 0.24503569304943085 101
1707981275784 0.2439015805721283 102
1707981276395 0.24392326176166534 103
1707981277026 0.24482868611812592 104
1707981277651 0.244253471493721 105
1707981278263 0.2430899441242218 106
1707981278872 0.24196921288967133 107
1707981279486 0.24256393313407898 108
1707981280109 0.24218019843101501 109
1707981280721 0.24435608088970184 110
1707981281354 0.24270795285701752 111
1707981281961 0.2424364984035492 112
1707981282573 0.2414557933807373 113
1707981283187 0.2419411838054657 114
1707981283798 0.24269551038742065 115
1707981284407 0.2423158437013626 116
1707981285033 0.24072472751140594 117
1707981285664 0.24151809513568878 118
1707981286298 0.24043701589107513 119
1707981286908 0.24089521169662476 120
1707981287523 0.24090036749839783 121
1707981288150 0.24088169634342194 122
1707981288752 0.24043266475200653 123
1707981289363 0.2396877259016037 124
1707981289965 0.2396802008152008 125
1707981290587 0.24113480746746063 126
1707981291200 0.2396962195634842 127
1707981291826 0.23941576480865479 128
1707981292446 0.23973695933818817 129
1707981293082 0.23914740979671478 130
1707981293703 0.23897956311702728 131
1707981294321 0.23938673734664917 132
1707981294930 0.23878012597560883 133
1707981295541 0.23868413269519806 134
1707981296159 0.2395477294921875 135
1707981296766 0.2397850900888443 136
1707981297414 0.2396889626979828 137
1707981298024 0.24121442437171936 138
1707981298636 0.23897360265254974 139
1707981299246 0.23793569207191467 140
1707981299852 0.23864875733852386 141
1707981300481 0.23830552399158478 142
1707981301103 0.2379949390888214 143
1707981301728 0.2390037328004837 144
1707981302347 0.23775388300418854 145
1707981302963 0.23778203129768372 146
1707981303575 0.2389606386423111 147
1707981304202 0.23789064586162567 148
1707981304809 0.23924702405929565 149
1707981305435 0.23673979938030243 150
1707981306048 0.2368451952934265 151
1707981306671 0.2366212159395218 152
1707981307278 0.23811526596546173 153
1707981307880 0.23692689836025238 154
1707981308493 0.23706449568271637 155
1707981309113 0.23582439124584198 156
1707981309732 0.23682966828346252 157
1707981310346 0.23760928213596344 158
1707981310970 0.2374778836965561 159
1707981311584 0.23844079673290253 160
1707981312199 0.23791010677814484 161
1707981312813 0.23535355925559998 162
1707981313448 0.23538640141487122 163
1707981314074 0.2358204573392868 164
1707981314689 0.23407116532325745 165
1707981315307 0.23522169888019562 166
1707981315919 0.23394252359867096 167
1707981316528 0.2347709983587265 168
1707981317160 0.2336585968732834 169
1707981317784 0.23269669711589813 170
1707981318456 0.23195107281208038 171
1707981319102 0.23345094919204712 172
1707981319718 0.23234689235687256 173
1707981320342 0.2320556938648224 174
1707981320975 0.2323613315820694 175
1707981321599 0.23203012347221375 176
1707981322222 0.23258206248283386 177
1707981322805 0.2324829399585724 178
1707981323375 0.23132510483264923 179
1707981323946 0.23120392858982086 180
1707981324519 0.23046939074993134 181
1707981325092 0.23149065673351288 182
1707981325670 0.23075896501541138 183
1707981326247 0.23256157338619232 184
1707981326811 0.2321111261844635 185
1707981327398 0.22971421480178833 186
1707981327974 0.22977885603904724 187
1707981328550 0.23026806116104126 188
1707981329136 0.23067942261695862 189
1707981329721 0.23014216125011444 190
1707981330285 0.23045551776885986 191
1707981330857 0.22930054366588593 192
1707981331431 0.23174910247325897 193
1707981332003 0.23038722574710846 194
1707981332580 0.2308165580034256 195
1707981333163 0.23016388714313507 196
1707981333738 0.22805041074752808 197
1707981334312 0.22848115861415863 198
1707981334900 0.22982092201709747 199
1707981335484 0.22969360649585724 200
1707981336063 0.22888191044330597 201
1707981336634 0.2294900119304657 202
1707981337238 0.22889773547649384 203
1707981337819 0.22825251519680023 204
1707981338395 0.23016603291034698 205
1707981338971 0.2293253242969513 206
1707981339550 0.22887563705444336 207
1707981340118 0.23019737005233765 208
1707981340691 0.22839787602424622 209
1707981341280 0.2284095734357834 210
1707981341855 0.22924655675888062 211
1707981342443 0.22928322851657867 212
1707981343018 0.22724968194961548 213
1707981343602 0.22871288657188416 214
1707981344184 0.2299310266971588 215
1707981344760 0.2290906459093094 216
1707981345338 0.22811481356620789 217
1707981345917 0.22940167784690857 218
1707981346495 0.2285478264093399 219
1707981347063 0.22788862884044647 220
1707981347653 0.2264649122953415 221
1707981348235 0.2297784686088562 222
1707981348812 0.22840207815170288 223
1707981349399 0.22863467037677765 224
1707981349988 0.22869367897510529 225
1707981350563 0.2286921888589859 226
1707981351150 0.2287384569644928 227
1707981351723 0.22765783965587616 228
1707981352311 0.2282535880804062 229
1707981352890 0.22849096357822418 230
1707981353482 0.2277696281671524 231
1707981354058 0.22872163355350494 232
1707981354626 0.22771115601062775 233
1707981355204 0.22858040034770966 234
1707981355779 0.2289666086435318 235
1707981356352 0.22775498032569885 236
1707981356939 0.22710373997688293 237
1707981357524 0.22932100296020508 238
1707981358108 0.2270892858505249 239
1707981358694 0.2297481745481491 240
1707981359268 0.22912226617336273 241
1707981359861 0.2277473360300064 242
1707981360468 0.22923126816749573 243
1707981361055 0.22774691879749298 244
1707981361647 0.22752417623996735 245
1707981362231 0.22827550768852234 246
1707981362810 0.22825121879577637 247
1707981363389 0.2277284860610962 248
1707981363972 0.2285984605550766 249
1707981364544 0.2287362962961197 250
1707981365120 0.22815170884132385 251
1707981365714 0.22786155343055725 252
1707981366299 0.22895999252796173 253
1707981366881 0.22707092761993408 254
1707981367460 0.22818291187286377 255
1707981368044 0.22800752520561218 256
1707981368624 0.22794067859649658 257
1707981369200 0.22834135591983795 258
1707981369796 0.22907790541648865 259
1707981370382 0.22738111019134521 260
1707981370966 0.22700510919094086 261
1707981371538 0.22699926793575287 262
1707981372134 0.22770701348781586 263
1707981372704 0.22734077274799347 264
1707981373281 0.2282174825668335 265
1707981373873 0.22756503522396088 266
1707981374458 0.22793808579444885 267
1707981375039 0.2287048101425171 268
1707981375628 0.22718234360218048 269
1707981376218 0.2264929860830307 270
1707981376793 0.22816364467144012 271
1707981377367 0.2270347625017166 272
1707981377961 0.22784049808979034 273
1707981378547 0.22785219550132751 274
1707981379124 0.22821372747421265 275
1707981379701 0.22608798742294312 276
1707981380296 0.22687304019927979 277
1707981380868 0.22751779854297638 278
1707981381447 0.2256116271018982 279
1707981382056 0.2265695333480835 280
1707981382810 0.22674556076526642 281
1707981383385 0.22800834476947784 282
1707981383969 0.22656743228435516 283
1707981384561 0.2265636920928955 284
1707981385147 0.22535587847232819 285
1707981385732 0.22674331068992615 286
1707981386318 0.22790949046611786 287
1707981386894 0.22683566808700562 288
1707981387471 0.22628562152385712 289
1707981388053 0.2269391417503357 290
1707981388640 0.22742746770381927 291
1707981389232 0.22676528990268707 292
1707981389822 0.2262168973684311 293
1707981390407 0.22763592004776 294
1707981390975 0.22657382488250732 295
1707981391553 0.22729909420013428 296
1707981392135 0.22587329149246216 297
1707981392714 0.2255759835243225 298
1707981393299 0.22482748329639435 299
