1707980858599 0.10040000081062317 0
1707980859239 0.0966000035405159 1
1707980859887 0.10440000146627426 2
1707980860611 0.10819999873638153 3
1707980861262 0.1200999990105629 4
1707980861908 0.1379999965429306 5
1707980862568 0.16519999504089355 6
1707980863193 0.1793999969959259 7
1707980863823 0.1932000070810318 8
1707980864464 0.20509999990463257 9
1707980865095 0.21330000460147858 10
1707980865719 0.21439999341964722 11
1707980866355 0.22460000216960907 12
1707980866984 0.2312999963760376 13
1707980867621 0.2409999966621399 14
1707980868255 0.23980000615119934 15
1707980868888 0.23649999499320984 16
1707980869519 0.2468000054359436 17
1707980870158 0.24819999933242798 18
1707980870777 0.24819999933242798 19
1707980871395 0.2574999928474426 20
1707980872010 0.2590000033378601 21
1707980872637 0.258899986743927 22
1707980873250 0.26429998874664307 23
1707980873881 0.26910001039505005 24
1707980874496 0.26750001311302185 25
1707980875111 0.26649999618530273 26
1707980875730 0.26989999413490295 27
1707980876342 0.26510000228881836 28
1707980876951 0.272599995136261 29
1707980877557 0.2784999907016754 30
1707980878168 0.2775999903678894 31
1707980878781 0.275299996137619 32
1707980879384 0.2799000144004822 33
1707980879998 0.2833999991416931 34
1707980880621 0.28459998965263367 35
1707980881234 0.28529998660087585 36
1707980881838 0.2888000011444092 37
1707980882457 0.2874000072479248 38
1707980883066 0.2897999882698059 39
1707980883673 0.2858000099658966 40
1707980884287 0.2946999967098236 41
1707980884900 0.2939999997615814 42
1707980885507 0.303600013256073 43
1707980886120 0.29249998927116394 44
1707980886726 0.30090001225471497 45
1707980887332 0.2976999878883362 46
1707980887947 0.30320000648498535 47
1707980888559 0.30169999599456787 48
1707980889170 0.3028999865055084 49
1707980889778 0.30230000615119934 50
1707980890399 0.2962999939918518 51
1707980891007 0.3005000054836273 52
1707980891630 0.2881999909877777 53
1707980892240 0.29100000858306885 54
1707980892844 0.2799000144004822 55
1707980893450 0.28220000863075256 56
1707980894065 0.27630001306533813 57
1707980894685 0.28119999170303345 58
1707980895311 0.2838999927043915 59
1707980895929 0.27489998936653137 60
1707980896548 0.2800999879837036 61
1707980897182 0.28139999508857727 62
1707980897798 0.2833000123500824 63
1707980898424 0.28279998898506165 64
1707980899038 0.2833999991416931 65
1707980899659 0.28769999742507935 66
1707980900279 0.28850001096725464 67
1707980900886 0.2806999981403351 68
1707980901494 0.287200003862381 69
1707980902126 0.2824999988079071 70
1707980902761 0.2856999933719635 71
1707980903377 0.28870001435279846 72
1707980903993 0.2903999984264374 73
1707980904602 0.28139999508857727 74
1707980905224 0.2858000099658966 75
1707980905836 0.28119999170303345 76
1707980906453 0.2856000065803528 77
1707980907058 0.2881999909877777 78
1707980907666 0.2815000116825104 79
1707980908271 0.28349998593330383 80
1707980908887 0.28850001096725464 81
1707980909508 0.2872999906539917 82
1707980910133 0.2840999960899353 83
1707980910750 0.2808000147342682 84
1707980911364 0.2824000120162964 85
1707980911993 0.2854999899864197 86
1707980912604 0.2825999855995178 87
1707980913211 0.28040000796318054 88
1707980913827 0.2858000099658966 89
1707980914441 0.289000004529953 90
1707980915056 0.2858000099658966 91
1707980915672 0.28780001401901245 92
1707980916290 0.2856000065803528 93
1707980916901 0.28189998865127563 94
1707980917507 0.2800000011920929 95
1707980918125 0.28610000014305115 96
1707980918751 0.2849000096321106 97
1707980919361 0.2827000021934509 98
1707980919974 0.2881999909877777 99
1707980920576 0.288100004196167 100
1707980921192 0.27900001406669617 101
1707980921811 0.28130000829696655 102
1707980922440 0.2831000089645386 103
1707980923052 0.2858000099658966 104
1707980923705 0.28380000591278076 105
1707980924316 0.28859999775886536 106
1707980924932 0.28290000557899475 107
1707980925540 0.2904999852180481 108
1707980926146 0.28600001335144043 109
1707980926776 0.2896000146865845 110
1707980927390 0.2831999957561493 111
1707980928002 0.28450000286102295 112
1707980928638 0.28110000491142273 113
1707980929256 0.2838999927043915 114
1707980929868 0.28220000863075256 115
1707980930495 0.2849999964237213 116
1707980931106 0.2849999964237213 117
1707980931720 0.2849999964237213 118
1707980932342 0.28369998931884766 119
1707980932960 0.2872999906539917 120
1707980933575 0.2867000102996826 121
1707980934192 0.2896000146865845 122
1707980934816 0.2800999879837036 123
1707980935429 0.28700000047683716 124
1707980936053 0.2870999872684479 125
1707980936660 0.2856000065803528 126
1707980937268 0.2849999964237213 127
1707980937882 0.28459998965263367 128
1707980938498 0.2840999960899353 129
1707980939110 0.2863999903202057 130
1707980939719 0.2870999872684479 131
1707980940340 0.2833999991416931 132
1707980940957 0.28369998931884766 133
1707980941571 0.2840999960899353 134
1707980942188 0.2865999937057495 135
1707980942820 0.2809000015258789 136
1707980943421 0.2838999927043915 137
1707980944030 0.28870001435279846 138
1707980944636 0.28610000014305115 139
1707980945244 0.2849999964237213 140
1707980945857 0.28459998965263367 141
1707980946478 0.2881999909877777 142
1707980947102 0.2831999957561493 143
1707980947718 0.2847000062465668 144
1707980948345 0.2838999927043915 145
1707980948982 0.29319998621940613 146
1707980949615 0.28519999980926514 147
1707980950230 0.2838999927043915 148
1707980950850 0.2809999883174896 149
1707980951482 0.28519999980926514 150
1707980952117 0.28870001435279846 151
