1707980858599 0.7188813090324402 0
1707980859239 0.47086724638938904 1
1707980859887 0.40998807549476624 2
1707980860611 0.38668185472488403 3
1707980861262 0.37180590629577637 4
1707980861908 0.3598082661628723 5
1707980862568 0.3491005003452301 6
1707980863193 0.34074679017066956 7
1707980863823 0.33280083537101746 8
1707980864464 0.3268852233886719 9
1707980865095 0.32332393527030945 10
1707980865719 0.31988587975502014 11
1707980866355 0.3173213005065918 12
1707980866984 0.3161826729774475 13
1707980867621 0.313944548368454 14
1707980868255 0.3131134510040283 15
1707980868888 0.31246283650398254 16
1707980869519 0.3120760917663574 17
1707980870158 0.3114486634731293 18
1707980870777 0.3102526366710663 19
1707980871395 0.30938053131103516 20
1707980872010 0.30980992317199707 21
1707980872637 0.3086235225200653 22
1707980873250 0.30760499835014343 23
1707980873881 0.30747222900390625 24
1707980874496 0.3068940341472626 25
1707980875111 0.3067799210548401 26
1707980875730 0.3063907325267792 27
1707980876342 0.30607008934020996 28
1707980876951 0.30435505509376526 29
1707980877557 0.3039354979991913 30
1707980878168 0.30398428440093994 31
1707980878781 0.30400121212005615 32
1707980879384 0.30269044637680054 33
1707980879998 0.3022972643375397 34
1707980880621 0.30271852016448975 35
1707980881234 0.3011678159236908 36
1707980881838 0.3002506196498871 37
1707980882457 0.3005274832248688 38
1707980883066 0.29967108368873596 39
1707980883673 0.2993318438529968 40
1707980884287 0.29780682921409607 41
1707980884900 0.29949432611465454 42
1707980885507 0.2975730001926422 43
1707980886120 0.29797178506851196 44
1707980886726 0.29697054624557495 45
1707980887332 0.2961408495903015 46
1707980887947 0.2972638010978699 47
1707980888559 0.29575684666633606 48
1707980889170 0.29559898376464844 49
1707980889778 0.2946949005126953 50
1707980890399 0.2952132225036621 51
1707980891007 0.2952529489994049 52
1707980891630 0.2953099310398102 53
1707980892240 0.2943679094314575 54
1707980892844 0.29379570484161377 55
1707980893450 0.29399484395980835 56
1707980894065 0.29381299018859863 57
1707980894685 0.2928587794303894 58
1707980895311 0.2936498820781708 59
1707980895929 0.2931969463825226 60
1707980896548 0.29108041524887085 61
1707980897182 0.2935049533843994 62
1707980897798 0.29210689663887024 63
1707980898424 0.2927161753177643 64
1707980899038 0.29394766688346863 65
1707980899659 0.29224497079849243 66
1707980900279 0.2919817268848419 67
1707980900886 0.29247668385505676 68
1707980901494 0.29313528537750244 69
1707980902126 0.2922157347202301 70
1707980902761 0.2919488549232483 71
1707980903377 0.2923643887042999 72
1707980903993 0.2921256124973297 73
1707980904602 0.29198914766311646 74
1707980905224 0.29157671332359314 75
1707980905836 0.29174137115478516 76
1707980906453 0.2927895188331604 77
1707980907058 0.2911047041416168 78
1707980907666 0.29147717356681824 79
1707980908271 0.2912064790725708 80
1707980908887 0.2910698354244232 81
1707980909508 0.2916279733181 82
1707980910133 0.29190894961357117 83
1707980910750 0.2920836806297302 84
1707980911364 0.2919476330280304 85
1707980911993 0.29114311933517456 86
1707980912604 0.2920170724391937 87
1707980913211 0.29118257761001587 88
1707980913827 0.2913157045841217 89
1707980914441 0.2920319736003876 90
1707980915056 0.291635662317276 91
1707980915672 0.29057374596595764 92
1707980916290 0.29126814007759094 93
1707980916901 0.2918829619884491 94
1707980917507 0.29216742515563965 95
1707980918125 0.29125702381134033 96
1707980918751 0.29116177558898926 97
1707980919361 0.29160597920417786 98
1707980919974 0.29230496287345886 99
1707980920576 0.291210800409317 100
1707980921192 0.29200705885887146 101
1707980921811 0.29088881611824036 102
1707980922440 0.2912561893463135 103
1707980923052 0.2914241552352905 104
1707980923705 0.291119247674942 105
1707980924316 0.29063963890075684 106
1707980924932 0.29078590869903564 107
1707980925540 0.2901630401611328 108
1707980926146 0.2920171320438385 109
1707980926776 0.2909323275089264 110
1707980927390 0.2911735475063324 111
1707980928002 0.2906520664691925 112
1707980928638 0.29147329926490784 113
1707980929256 0.2908911108970642 114
1707980929868 0.2923080325126648 115
1707980930495 0.2915484607219696 116
1707980931106 0.29116198420524597 117
1707980931720 0.2906951308250427 118
1707980932342 0.2915635108947754 119
1707980932960 0.29039299488067627 120
1707980933575 0.2920114994049072 121
1707980934192 0.2911069989204407 122
1707980934816 0.2923765182495117 123
1707980935429 0.29133471846580505 124
1707980936053 0.2907678782939911 125
1707980936660 0.2906382083892822 126
1707980937268 0.29138505458831787 127
1707980937882 0.29096925258636475 128
1707980938498 0.2907853126525879 129
1707980939110 0.29151514172554016 130
1707980939719 0.2910500168800354 131
1707980940340 0.2909219563007355 132
1707980940957 0.2912208139896393 133
1707980941571 0.2911795973777771 134
1707980942188 0.29085585474967957 135
1707980942820 0.2906340956687927 136
1707980943421 0.2910524904727936 137
1707980944030 0.2902396619319916 138
1707980944636 0.2904272973537445 139
1707980945244 0.29066571593284607 140
1707980945857 0.2913687527179718 141
1707980946478 0.29132911562919617 142
1707980947102 0.29170310497283936 143
1707980947718 0.29143986105918884 144
1707980948345 0.290638267993927 145
1707980948982 0.2904093861579895 146
1707980949615 0.2914278209209442 147
1707980950230 0.2905924916267395 148
1707980950850 0.29161885380744934 149
1707980951482 0.2909345328807831 150
1707980952117 0.29114314913749695 151
