1707697300053 0.5706333518028259 0
1707697301534 0.87704998254776 1
1707697302968 0.9034833312034607 2
1707697304407 0.9164000153541565 3
1707697305836 0.9245166778564453 4
1707697307350 0.9306166768074036 5
1707697308979 0.9345166683197021 6
1707697310598 0.9380166530609131 7
1707697312081 0.9414666891098022 8
1707697313579 0.9444833397865295 9
1707697315008 0.946566641330719 10
1707697316430 0.9485333561897278 11
1707697317892 0.9502500295639038 12
1707697319365 0.9520666599273682 13
1707697320978 0.9536833167076111 14
1707697322531 0.9550999999046326 15
1707697324328 0.9563666582107544 16
1707697325824 0.9569833278656006 17
1707697327306 0.9585833549499512 18
1707697328790 0.9598333239555359 19
1707697330254 0.9604833126068115 20
1707697331732 0.9619333148002625 21
1707697333224 0.9621833562850952 22
1707697334720 0.963533341884613 23
1707697336185 0.9642666578292847 24
1707697337661 0.964733362197876 25
1707697339460 0.9656999707221985 26
1707697341119 0.9664166569709778 27
1707697342580 0.966616690158844 28
1707697344067 0.967283308506012 29
