1707697300053 0.28411683440208435 0
1707697301534 0.119690902531147 1
1707697302968 0.07436273247003555 2
1707697304407 0.059026990085840225 3
1707697305836 0.051631856709718704 4
1707697307350 0.04711306840181351 5
1707697308979 0.043870724737644196 6
1707697310598 0.04143119975924492 7
1707697312081 0.03942226245999336 8
1707697313579 0.03776869550347328 9
1707697315008 0.03627155348658562 10
1707697316430 0.035015057772397995 11
1707697317892 0.033916402608156204 12
1707697319365 0.032885462045669556 13
1707697320978 0.03194311633706093 14
1707697322531 0.031138421967625618 15
1707697324328 0.030345600098371506 16
1707697325824 0.02965686470270157 17
1707697327306 0.028929943218827248 18
1707697328790 0.028330843895673752 19
1707697330254 0.027711406350135803 20
1707697331732 0.02715916931629181 21
1707697333224 0.02662670612335205 22
1707697334720 0.026107430458068848 23
1707697336185 0.025647006928920746 24
1707697337661 0.025205528363585472 25
1707697339460 0.024734362959861755 26
1707697341119 0.024313945323228836 27
1707697342580 0.023914188146591187 28
1707697344067 0.023503491654992104 29
