1707977361566 0.10429999977350235 0
1707977362437 0.11869999766349792 1
1707977363255 0.22949999570846558 2
1707977364073 0.36489999294281006 3
1707977364982 0.42899999022483826 4
1707977365904 0.5149999856948853 5
1707977366880 0.6078000068664551 6
1707977367870 0.6685000061988831 7
1707977368868 0.6905999779701233 8
1707977369888 0.7304999828338623 9
1707977370826 0.7648000121116638 10
1707977371837 0.79830002784729 11
1707977372784 0.8230999708175659 12
1707977373712 0.8370000123977661 13
1707977374696 0.8478999733924866 14
1707977375611 0.8578000068664551 15
1707977376461 0.8694999814033508 16
1707977377439 0.8812000155448914 17
1707977378798 0.888700008392334 18
1707977380172 0.8949000239372253 19
1707977381076 0.8981000185012817 20
1707977381914 0.9004999995231628 21
1707977382718 0.9061999917030334 22
1707977383642 0.9075000286102295 23
1707977384464 0.9110999703407288 24
1707977385448 0.9164000153541565 25
1707977386490 0.9151999950408936 26
1707977387510 0.9194999933242798 27
1707977388483 0.9182000160217285 28
1707977389420 0.9225000143051147 29
1707977390396 0.9248999953269958 30
1707977391325 0.926800012588501 31
1707977392131 0.9276000261306763 32
1707977392950 0.9304999709129333 33
1707977393795 0.9312000274658203 34
1707977394787 0.9319000244140625 35
1707977395709 0.9332000017166138 36
1707977396518 0.9352999925613403 37
1707977397394 0.9361000061035156 38
1707977398365 0.9376999735832214 39
1707977399352 0.9363999962806702 40
1707977400262 0.9397000074386597 41
1707977401101 0.9387000203132629 42
1707977401950 0.9380999803543091 43
1707977402880 0.9412999749183655 44
1707977403858 0.9388999938964844 45
1707977404721 0.942799985408783 46
1707977405576 0.9448999762535095 47
1707977406460 0.9447000026702881 48
1707977407294 0.9449999928474426 49
1707977408145 0.946399986743927 50
1707977409083 0.9451000094413757 51
1707977409933 0.9448000192642212 52
1707977410809 0.9473000168800354 53
1707977411789 0.948199987411499 54
1707977412704 0.9502000212669373 55
1707977413671 0.9487000107765198 56
1707977414618 0.9501000046730042 57
1707977415422 0.9492999911308289 58
1707977416219 0.9516000151634216 59
1707977417086 0.953000009059906 60
1707977418010 0.9503999948501587 61
1707977418791 0.9542999863624573 62
1707977419752 0.9542999863624573 63
1707977420614 0.95169997215271 64
1707977421408 0.9569000005722046 65
1707977422269 0.9528999924659729 66
1707977423183 0.9549999833106995 67
1707977424147 0.954800009727478 68
1707977425134 0.9546999931335449 69
1707977426040 0.9556000232696533 70
1707977426929 0.9585000276565552 71
1707977427850 0.9559000134468079 72
1707977428710 0.9552000164985657 73
1707977429709 0.9577000141143799 74
1707977430595 0.9560999870300293 75
1707977431597 0.9584000110626221 76
1707977432540 0.9589999914169312 77
1707977433446 0.9595000147819519 78
1707977434256 0.9595999717712402 79
1707977435181 0.9598000049591064 80
1707977436187 0.9603000283241272 81
1707977437161 0.9606999754905701 82
1707977438134 0.960099995136261 83
1707977439107 0.9621000289916992 84
1707977440069 0.9599999785423279 85
1707977441060 0.9620000123977661 86
1707977441988 0.9610000252723694 87
1707977442816 0.9603000283241272 88
1707977443699 0.9621999859809875 89
1707977444689 0.9649999737739563 90
1707977445694 0.9628000259399414 91
1707977446555 0.9632999897003174 92
1707977447352 0.9632999897003174 93
1707977448160 0.963100016117096 94
1707977448978 0.964900016784668 95
1707977449846 0.9635000228881836 96
1707977450676 0.9639999866485596 97
1707977451500 0.9652000069618225 98
1707977452358 0.965399980545044 99
1707977453146 0.9639999866485596 100
1707977454028 0.9646999835968018 101
1707977454964 0.9648000001907349 102
1707977455803 0.9656000137329102 103
1707977456610 0.9648000001907349 104
1707977457508 0.9663000106811523 105
1707977458511 0.9656000137329102 106
1707977459417 0.9650999903678894 107
1707977460280 0.9648000001907349 108
1707977461113 0.9696999788284302 109
1707977461926 0.968500018119812 110
1707977462745 0.9643999934196472 111
1707977463613 0.9684000015258789 112
1707977464477 0.968500018119812 113
1707977465314 0.9666000008583069 114
1707977466169 0.9679999947547913 115
1707977467074 0.9668999910354614 116
1707977467966 0.9678999781608582 117
1707977468810 0.9646999835968018 118
1707977469766 0.9674999713897705 119
1707977470757 0.9704999923706055 120
1707977471713 0.9671000242233276 121
1707977472563 0.9693999886512756 122
1707977473492 0.96670001745224 123
1707977474432 0.9692000150680542 124
1707977475386 0.9697999954223633 125
1707977476384 0.9692000150680542 126
1707977477207 0.9682999849319458 127
1707977478018 0.9703999757766724 128
1707977478908 0.9682000279426575 129
1707977479752 0.9703999757766724 130
1707977480630 0.9692000150680542 131
1707977481630 0.9702000021934509 132
1707977482572 0.9710000157356262 133
1707977483519 0.9689000248908997 134
1707977484308 0.9684000015258789 135
1707977485107 0.9710000157356262 136
1707977485897 0.9695000052452087 137
1707977486710 0.9710000157356262 138
1707977487541 0.972000002861023 139
1707977488424 0.972000002861023 140
1707977489273 0.9696000218391418 141
1707977490131 0.9692999720573425 142
1707977491052 0.9692000150680542 143
1707977491997 0.9704999923706055 144
1707977493014 0.9692999720573425 145
1707977493971 0.9707000255584717 146
1707977494966 0.9714000225067139 147
1707977495927 0.9704999923706055 148
1707977496866 0.9693999886512756 149
1707977497755 0.9726999998092651 150
1707977498669 0.9717000126838684 151
1707977499455 0.9732999801635742 152
1707977500352 0.9724000096321106 153
1707977501199 0.9703999757766724 154
1707977502051 0.9717000126838684 155
1707977502963 0.9732000231742859 156
1707977503794 0.9722999930381775 157
1707977504635 0.972100019454956 158
1707977505521 0.9707000255584717 159
1707977506390 0.9714999794960022 160
1707977507266 0.9721999764442444 161
1707977508170 0.972000002861023 162
1707977508967 0.9725000262260437 163
1707977509787 0.9732000231742859 164
1707977510693 0.9702000021934509 165
1707977511698 0.9733999967575073 166
1707977512530 0.9717000126838684 167
1707977513351 0.9728000164031982 168
1707977514173 0.9733999967575073 169
1707977515002 0.9736999869346619 170
1707977515794 0.9739000201225281 171
1707977516598 0.9718000292778015 172
1707977517401 0.9725000262260437 173
1707977518218 0.9718999862670898 174
1707977519160 0.9717000126838684 175
1707977520114 0.9715999960899353 176
1707977520940 0.9729999899864197 177
1707977521755 0.9714000225067139 178
1707977522588 0.9732000231742859 179
1707977523510 0.9732999801635742 180
1707977524322 0.9722999930381775 181
1707977525145 0.9728000164031982 182
1707977525997 0.9746000170707703 183
1707977526806 0.9740999937057495 184
1707977527625 0.9725000262260437 185
1707977528493 0.972599983215332 186
1707977529415 0.9753000140190125 187
1707977530327 0.9732999801635742 188
1707977531133 0.9722999930381775 189
1707977531934 0.9735000133514404 190
1707977532734 0.9732999801635742 191
1707977533521 0.9735999703407288 192
1707977534438 0.9733999967575073 193
1707977535329 0.9745000004768372 194
1707977536180 0.9746000170707703 195
1707977537078 0.9754999876022339 196
1707977538064 0.9746000170707703 197
1707977538997 0.9746000170707703 198
1707977539858 0.972599983215332 199
1707977540743 0.9743000268936157 200
1707977541642 0.9742000102996826 201
1707977542489 0.9746000170707703 202
1707977543289 0.9715999960899353 203
1707977544085 0.9722999930381775 204
1707977544877 0.9735000133514404 205
1707977545705 0.9753000140190125 206
1707977546495 0.9735999703407288 207
1707977547315 0.9750000238418579 208
1707977548119 0.9733999967575073 209
1707977548937 0.9735999703407288 210
1707977549796 0.9739000201225281 211
1707977550615 0.9740999937057495 212
1707977551420 0.9761000275611877 213
1707977552242 0.975600004196167 214
1707977553142 0.9749000072479248 215
1707977554004 0.9753999710083008 216
1707977554853 0.974399983882904 217
1707977555698 0.9750999808311462 218
1707977556559 0.9739000201225281 219
1707977557482 0.9761999845504761 220
1707977558367 0.9761999845504761 221
1707977559223 0.9742000102996826 222
1707977560131 0.975600004196167 223
1707977560990 0.9753999710083008 224
1707977561925 0.9746999740600586 225
1707977562904 0.9746000170707703 226
1707977563764 0.9758999943733215 227
1707977564571 0.9747999906539917 228
1707977565547 0.9733999967575073 229
1707977566469 0.9747999906539917 230
1707977567352 0.9753999710083008 231
1707977568190 0.9761000275611877 232
1707977569016 0.9750999808311462 233
1707977569847 0.9732999801635742 234
1707977570666 0.9749000072479248 235
1707977571492 0.9749000072479248 236
1707977572350 0.9767000079154968 237
1707977573234 0.973800003528595 238
1707977574047 0.9753999710083008 239
1707977574914 0.9746000170707703 240
1707977575814 0.974399983882904 241
1707977576745 0.9749000072479248 242
1707977577558 0.9754999876022339 243
1707977578380 0.9778000116348267 244
1707977579199 0.975600004196167 245
1707977580033 0.9742000102996826 246
1707977580858 0.9735000133514404 247
1707977581726 0.9739000201225281 248
1707977582709 0.9746000170707703 249
1707977583689 0.9758999943733215 250
1707977584675 0.9765999913215637 251
1707977585665 0.9750999808311462 252
1707977586566 0.974399983882904 253
1707977587423 0.9769999980926514 254
1707977588331 0.9749000072479248 255
1707977589227 0.9776999950408936 256
1707977590142 0.9742000102996826 257
1707977591114 0.9739000201225281 258
1707977592008 0.9754999876022339 259
1707977592826 0.9754999876022339 260
1707977593723 0.9747999906539917 261
1707977594630 0.9733999967575073 262
1707977595524 0.9775999784469604 263
1707977596349 0.9775999784469604 264
1707977597188 0.9771999716758728 265
1707977598010 0.975600004196167 266
1707977598896 0.9745000004768372 267
1707977599732 0.9771000146865845 268
1707977600531 0.9764000177383423 269
1707977601362 0.9771000146865845 270
1707977602387 0.9768999814987183 271
1707977603347 0.978600025177002 272
1707977604255 0.9740999937057495 273
1707977605073 0.9763000011444092 274
1707977605908 0.9726999998092651 275
1707977606712 0.9761000275611877 276
1707977607542 0.9764000177383423 277
1707977608403 0.9754999876022339 278
1707977609227 0.9771999716758728 279
1707977610065 0.9753999710083008 280
1707977610966 0.974399983882904 281
1707977611932 0.9779999852180481 282
1707977612730 0.9763000011444092 283
1707977613537 0.9745000004768372 284
1707977614365 0.9764999747276306 285
1707977615310 0.9757000207901001 286
1707977616243 0.9772999882698059 287
1707977617213 0.9718999862670898 288
1707977618187 0.9775000214576721 289
1707977619162 0.9786999821662903 290
1707977620087 0.9764999747276306 291
1707977620958 0.9742000102996826 292
1707977621950 0.9768000245094299 293
1707977622893 0.9767000079154968 294
1707977623887 0.9771999716758728 295
1707977624712 0.9764999747276306 296
1707977625599 0.9771000146865845 297
1707977626589 0.9763000011444092 298
1707977627514 0.9750000238418579 299
