1707977361566 0.6530177593231201 0
1707977362437 0.406072199344635 1
1707977363255 0.3542972803115845 2
1707977364073 0.3305443525314331 3
1707977364982 0.3061237335205078 4
1707977365904 0.28438857197761536 5
1707977366880 0.2662796974182129 6
1707977367870 0.24994629621505737 7
1707977368868 0.23585209250450134 8
1707977369888 0.22331596910953522 9
1707977370826 0.21090778708457947 10
1707977371837 0.19949178397655487 11
1707977372784 0.1888149231672287 12
1707977373712 0.17958755791187286 13
1707977374696 0.17150510847568512 14
1707977375611 0.16479185223579407 15
1707977376461 0.15776826441287994 16
1707977377439 0.15178541839122772 17
1707977378798 0.14654920995235443 18
1707977380172 0.14241403341293335 19
1707977381076 0.13858167827129364 20
1707977381914 0.135443776845932 21
1707977382718 0.1316712200641632 22
1707977383642 0.1289793998003006 23
1707977384464 0.12622053921222687 24
1707977385448 0.1238497644662857 25
1707977386490 0.12215406447649002 26
1707977387510 0.11957582831382751 27
1707977388483 0.11863820999860764 28
1707977389420 0.11704598367214203 29
1707977390396 0.11497130244970322 30
1707977391325 0.11369884014129639 31
1707977392131 0.11250930279493332 32
1707977392950 0.11113457381725311 33
1707977393795 0.11030163615942001 34
1707977394787 0.10923914611339569 35
1707977395709 0.10799163579940796 36
1707977396518 0.10746902972459793 37
1707977397394 0.10654548555612564 38
1707977398365 0.10560663789510727 39
1707977399352 0.10561263561248779 40
1707977400262 0.10414108633995056 41
1707977401101 0.10362397134304047 42
1707977401950 0.10331074148416519 43
1707977402880 0.1026725322008133 44
1707977403858 0.10244941711425781 45
1707977404721 0.10140768438577652 46
1707977405576 0.10056531429290771 47
1707977406460 0.10016994923353195 48
1707977407294 0.1002449095249176 49
1707977408145 0.09933774918317795 50
1707977409083 0.0993681326508522 51
1707977409933 0.09926017373800278 52
1707977410809 0.0987251028418541 53
1707977411789 0.09768448770046234 54
1707977412704 0.09710736572742462 55
1707977413671 0.09764185547828674 56
1707977414618 0.09721223264932632 57
1707977415422 0.0964542105793953 58
1707977416219 0.09605191648006439 59
1707977417086 0.09543348848819733 60
1707977418010 0.09600470215082169 61
1707977418791 0.09482444822788239 62
1707977419752 0.0947340652346611 63
1707977420614 0.09474170207977295 64
1707977421408 0.09409617632627487 65
1707977422269 0.09466392546892166 66
1707977423183 0.09407071769237518 67
1707977424147 0.09351116418838501 68
1707977425134 0.09347552806138992 69
1707977426040 0.09298121184110641 70
1707977426929 0.09256625175476074 71
1707977427850 0.09297122806310654 72
1707977428710 0.09287061542272568 73
1707977429709 0.09208362549543381 74
1707977430595 0.09212592989206314 75
1707977431597 0.09148195385932922 76
1707977432540 0.09152858704328537 77
1707977433446 0.09089604765176773 78
1707977434256 0.09084710478782654 79
1707977435181 0.09144633263349533 80
1707977436187 0.09017417579889297 81
1707977437161 0.09039033204317093 82
1707977438134 0.09057129174470901 83
1707977439107 0.08932382613420486 84
1707977440069 0.08978040516376495 85
1707977441060 0.08953768014907837 86
1707977441988 0.08906891196966171 87
1707977442816 0.08951077610254288 88
1707977443699 0.08931859582662582 89
1707977444689 0.08795001357793808 90
1707977445694 0.08830542862415314 91
1707977446555 0.08838760852813721 92
1707977447352 0.08816943317651749 93
1707977448160 0.08768258988857269 94
1707977448978 0.08750292658805847 95
1707977449846 0.08792565762996674 96
1707977450676 0.0875714123249054 97
1707977451500 0.08701986819505692 98
1707977452358 0.08709578961133957 99
1707977453146 0.08709826320409775 100
1707977454028 0.08701597899198532 101
1707977454964 0.08693597465753555 102
1707977455803 0.08607932180166245 103
1707977456610 0.08647508919239044 104
1707977457508 0.08564639836549759 105
1707977458511 0.0860912874341011 106
1707977459417 0.08642607182264328 107
1707977460280 0.08582118898630142 108
1707977461113 0.08535787463188171 109
1707977461926 0.08520632982254028 110
1707977462745 0.08629989624023438 111
1707977463613 0.08499238640069962 112
1707977464477 0.08474112302064896 113
1707977465314 0.08526574820280075 114
1707977466169 0.08492626994848251 115
1707977467074 0.08543980866670609 116
1707977467966 0.08491388708353043 117
1707977468810 0.08571788668632507 118
1707977469766 0.08455226570367813 119
1707977470757 0.083804652094841 120
1707977471713 0.08470308780670166 121
1707977472563 0.08414695411920547 122
1707977473492 0.0848221704363823 123
1707977474432 0.08421514928340912 124
1707977475386 0.08368191868066788 125
1707977476384 0.0836932435631752 126
1707977477207 0.08430067449808121 127
1707977478018 0.0835186094045639 128
1707977478908 0.08417152613401413 129
1707977479752 0.08344420790672302 130
1707977480630 0.0834944024682045 131
1707977481630 0.08336947858333588 132
1707977482572 0.08360353112220764 133
1707977483519 0.08307834714651108 134
1707977484308 0.08371835201978683 135
1707977485107 0.08278083801269531 136
1707977485897 0.08304239809513092 137
1707977486710 0.08298724889755249 138
1707977487541 0.08259963244199753 139
1707977488424 0.08270822465419769 140
1707977489273 0.08276955783367157 141
1707977490131 0.08300404995679855 142
1707977491052 0.08320906013250351 143
1707977491997 0.08268769830465317 144
1707977493014 0.0828215628862381 145
1707977493971 0.08230620622634888 146
1707977494966 0.082451231777668 147
1707977495927 0.08252134919166565 148
1707977496866 0.0832572728395462 149
1707977497755 0.08164844661951065 150
1707977498669 0.08193492144346237 151
1707977499455 0.08165255188941956 152
1707977500352 0.08148196339607239 153
1707977501199 0.08211395144462585 154
1707977502051 0.08172404766082764 155
1707977502963 0.08146940171718597 156
1707977503794 0.082001693546772 157
1707977504635 0.08132567256689072 158
1707977505521 0.08177376538515091 159
1707977506390 0.08154193311929703 160
1707977507266 0.08114926517009735 161
1707977508170 0.08124465495347977 162
1707977508967 0.08092028647661209 163
1707977509787 0.08121101558208466 164
1707977510693 0.08184951543807983 165
1707977511698 0.08083590120077133 166
1707977512530 0.08075276017189026 167
1707977513351 0.08080646395683289 168
1707977514173 0.08008468896150589 169
1707977515002 0.08037596195936203 170
1707977515794 0.08047109097242355 171
1707977516598 0.08093982189893723 172
1707977517401 0.08071305602788925 173
1707977518218 0.08074686676263809 174
1707977519160 0.08099386841058731 175
1707977520114 0.08059665560722351 176
1707977520940 0.07990340888500214 177
1707977521755 0.08076371252536774 178
1707977522588 0.07987314462661743 179
1707977523510 0.08013356477022171 180
1707977524322 0.07998060435056686 181
1707977525145 0.08021007478237152 182
1707977525997 0.07990441471338272 183
1707977526806 0.07952045649290085 184
1707977527625 0.08029548823833466 185
1707977528493 0.07988077402114868 186
1707977529415 0.07936116307973862 187
1707977530327 0.07960312813520432 188
1707977531133 0.0800500214099884 189
1707977531934 0.07965808361768723 190
1707977532734 0.07983095943927765 191
1707977533521 0.07950131595134735 192
1707977534438 0.07980382442474365 193
1707977535329 0.07896281033754349 194
1707977536180 0.07942388951778412 195
1707977537078 0.07898085564374924 196
1707977538064 0.07884646952152252 197
1707977538997 0.07924322783946991 198
1707977539858 0.0793471708893776 199
1707977540743 0.07876347005367279 200
1707977541642 0.079257071018219 201
1707977542489 0.07888137549161911 202
1707977543289 0.07935120165348053 203
1707977544085 0.07956015318632126 204
1707977544877 0.0787525549530983 205
1707977545705 0.07842300087213516 206
1707977546495 0.07867439836263657 207
1707977547315 0.07816006243228912 208
1707977548119 0.07844103872776031 209
1707977548937 0.07846979051828384 210
1707977549796 0.07899719476699829 211
1707977550615 0.07811731845140457 212
1707977551420 0.07788869738578796 213
1707977552242 0.07767438143491745 214
1707977553142 0.07789108902215958 215
1707977554004 0.07765334099531174 216
1707977554853 0.07820018380880356 217
1707977555698 0.07790569961071014 218
1707977556559 0.07826397567987442 219
1707977557482 0.0773906335234642 220
1707977558367 0.07703990489244461 221
1707977559223 0.07824278622865677 222
1707977560131 0.07753606885671616 223
1707977560990 0.07738742977380753 224
1707977561925 0.07772285491228104 225
1707977562904 0.07796952873468399 226
1707977563764 0.07735995203256607 227
1707977564571 0.07761398702859879 228
1707977565547 0.07814992964267731 229
1707977566469 0.07751871645450592 230
1707977567352 0.07763369381427765 231
1707977568190 0.07694879174232483 232
1707977569016 0.07771991193294525 233
1707977569847 0.07791784405708313 234
1707977570666 0.07738655060529709 235
1707977571492 0.07721471786499023 236
1707977572350 0.07695461064577103 237
1707977573234 0.07808995246887207 238
1707977574047 0.07710672169923782 239
1707977574914 0.07736707478761673 240
1707977575814 0.07788772881031036 241
1707977576745 0.07692223787307739 242
1707977577558 0.07704401761293411 243
1707977578380 0.0761781856417656 244
1707977579199 0.07672382891178131 245
1707977580033 0.07752584666013718 246
1707977580858 0.07753254473209381 247
1707977581726 0.07706659287214279 248
1707977582709 0.07740312069654465 249
1707977583689 0.07644157111644745 250
1707977584675 0.07694654166698456 251
1707977585665 0.07703567296266556 252
1707977586566 0.07728591561317444 253
1707977587423 0.07611024379730225 254
1707977588331 0.0768006294965744 255
1707977589227 0.0760977566242218 256
1707977590142 0.07719747722148895 257
1707977591114 0.07672522217035294 258
1707977592008 0.07694742828607559 259
1707977592826 0.07666550576686859 260
1707977593723 0.07660623639822006 261
1707977594630 0.07712939381599426 262
1707977595524 0.07573794573545456 263
1707977596349 0.07577835023403168 264
1707977597188 0.07594338059425354 265
1707977598010 0.07623043656349182 266
1707977598896 0.07662861049175262 267
1707977599732 0.0757216215133667 268
1707977600531 0.07597815990447998 269
1707977601362 0.07562079280614853 270
1707977602387 0.07611845433712006 271
1707977603347 0.07505202293395996 272
1707977604255 0.07646887004375458 273
1707977605073 0.07572119683027267 274
1707977605908 0.0771118775010109 275
1707977606712 0.07598831504583359 276
1707977607542 0.07541020214557648 277
1707977608403 0.07621391862630844 278
1707977609227 0.07573377341032028 279
1707977610065 0.07641368359327316 280
1707977610966 0.07589534670114517 281
1707977611932 0.07522881776094437 282
1707977612730 0.07567963004112244 283
1707977613537 0.07642535865306854 284
1707977614365 0.07607390731573105 285
1707977615310 0.07603881508111954 286
1707977616243 0.07508517801761627 287
1707977617213 0.07749397307634354 288
1707977618187 0.07491540163755417 289
1707977619162 0.07449066638946533 290
1707977620087 0.07529111951589584 291
1707977620958 0.07660021632909775 292
1707977621950 0.07537703961133957 293
1707977622893 0.07520557940006256 294
1707977623887 0.0751061737537384 295
1707977624712 0.07509351521730423 296
1707977625599 0.0748995766043663 297
1707977626589 0.07475296407938004 298
1707977627514 0.07585377246141434 299
