1707978508205 0.10320000350475311 0
1707978509043 0.1046999990940094 1
1707978509720 0.21439999341964722 2
1707978510704 0.26409998536109924 3
1707978511423 0.29269999265670776 4
1707978512089 0.31839999556541443 5
1707978512742 0.33709999918937683 6
1707978513390 0.35510000586509705 7
1707978514099 0.36500000953674316 8
1707978514782 0.37439998984336853 9
1707978515520 0.385699987411499 10
1707978516228 0.4081999957561493 11
1707978516908 0.4505000114440918 12
1707978517567 0.5295000076293945 13
1707978518198 0.5809000134468079 14
1707978519031 0.616599977016449 15
1707978519706 0.6333000063896179 16
1707978520393 0.652999997138977 17
1707978521085 0.6723999977111816 18
1707978521718 0.6935999989509583 19
1707978522366 0.715399980545044 20
1707978523116 0.7319999933242798 21
1707978524077 0.7458000183105469 22
1707978524979 0.7519000172615051 23
1707978525841 0.7634000182151794 24
1707978526523 0.7720999717712402 25
1707978527186 0.7833999991416931 26
1707978527851 0.7864999771118164 27
1707978528476 0.7928000092506409 28
1707978529183 0.7996000051498413 29
1707978529868 0.8036999702453613 30
1707978530584 0.8108999729156494 31
1707978531238 0.8133000135421753 32
1707978531890 0.8220999836921692 33
1707978532621 0.8266000151634216 34
1707978533303 0.8300999999046326 35
1707978534269 0.8382999897003174 36
1707978535190 0.8413000106811523 37
1707978535977 0.8468999862670898 38
1707978536633 0.8483999967575073 39
1707978537279 0.8550999760627747 40
1707978537939 0.857699990272522 41
1707978538716 0.8641999959945679 42
1707978539661 0.8640000224113464 43
1707978540426 0.869700014591217 44
1707978541274 0.8711000084877014 45
1707978542005 0.8748000264167786 46
1707978542716 0.8773999810218811 47
1707978543377 0.8809000253677368 48
1707978544115 0.8812000155448914 49
1707978544942 0.8827000260353088 50
1707978545712 0.8863999843597412 51
1707978546473 0.8895999789237976 52
1707978547167 0.8877000212669373 53
1707978547848 0.8910999894142151 54
1707978548543 0.8931999802589417 55
1707978549210 0.8942000269889832 56
1707978550034 0.8981000185012817 57
1707978550907 0.8966000080108643 58
1707978551655 0.8981000185012817 59
1707978552393 0.9007999897003174 60
1707978553001 0.8995000123977661 61
1707978553639 0.9003000259399414 62
1707978554289 0.900600016117096 63
1707978554932 0.9014999866485596 64
1707978555599 0.9045000076293945 65
1707978556234 0.9039999842643738 66
1707978556883 0.9045000076293945 67
1707978557551 0.9068999886512756 68
1707978558240 0.9053999781608582 69
1707978558942 0.9071000218391418 70
1707978559584 0.9063000082969666 71
1707978560207 0.906000018119812 72
1707978560883 0.9078999757766724 73
1707978561528 0.9089000225067139 74
1707978562188 0.9089999794960022 75
1707978562838 0.9088000059127808 76
1707978563847 0.909500002861023 77
1707978564501 0.9099000096321106 78
1707978565247 0.9107999801635742 79
1707978565881 0.9096999764442444 80
1707978566500 0.911300003528595 81
1707978567153 0.9115999937057495 82
1707978567769 0.9082000255584717 83
1707978568392 0.910099983215332 84
1707978569129 0.9121000170707703 85
1707978569883 0.9136000275611877 86
1707978570592 0.9114999771118164 87
1707978571238 0.9140999913215637 88
1707978571979 0.9126999974250793 89
1707978572672 0.9138000011444092 90
1707978573285 0.9126999974250793 91
1707978573993 0.9136000275611877 92
1707978574931 0.9139999747276306 93
1707978575698 0.9142000079154968 94
1707978576508 0.9142000079154968 95
1707978577117 0.9140999913215637 96
1707978577719 0.9129999876022339 97
1707978578421 0.9151999950408936 98
1707978579215 0.9140999913215637 99
1707978579859 0.9156000018119812 100
1707978580463 0.9165999889373779 101
1707978581088 0.9120000004768372 102
1707978581726 0.9140999913215637 103
1707978582333 0.9157000184059143 104
1707978582955 0.9153000116348267 105
1707978583674 0.9147999882698059 106
1707978584479 0.9154999852180481 107
1707978585168 0.9154000282287598 108
1707978585930 0.9143999814987183 109
1707978586529 0.9157999753952026 110
1707978587157 0.9179999828338623 111
1707978587797 0.9164000153541565 112
1707978588446 0.9150999784469604 113
1707978589072 0.9175000190734863 114
1707978589707 0.9178000092506409 115
1707978590359 0.9174000024795532 116
1707978590971 0.9154000282287598 117
1707978591690 0.917900025844574 118
1707978592540 0.9190999865531921 119
1707978593164 0.9179999828338623 120
1707978593768 0.9164000153541565 121
1707978594481 0.9189000129699707 122
1707978595287 0.9185000061988831 123
1707978595947 0.9175999760627747 124
1707978596544 0.9169999957084656 125
1707978597180 0.917900025844574 126
1707978597932 0.917900025844574 127
1707978598720 0.9185000061988831 128
1707978599381 0.917900025844574 129
1707978600084 0.9189000129699707 130
1707978600708 0.9179999828338623 131
1707978601359 0.9196000099182129 132
1707978602008 0.9189000129699707 133
1707978602616 0.9199000000953674 134
1707978603328 0.917900025844574 135
1707978604117 0.921999990940094 136
1707978604711 0.9182999730110168 137
1707978605332 0.9179999828338623 138
1707978605978 0.9189000129699707 139
1707978606620 0.9192000031471252 140
1707978607203 0.9203000068664551 141
1707978607808 0.9199000000953674 142
1707978608419 0.91839998960495 143
1707978609033 0.9208999872207642 144
1707978609762 0.9200999736785889 145
1707978610349 0.9199000000953674 146
1707978610937 0.9204000234603882 147
1707978611528 0.9226999878883362 148
1707978612121 0.9197999835014343 149
1707978612718 0.9200000166893005 150
1707978613325 0.921500027179718 151
1707978613970 0.9211999773979187 152
1707978614598 0.9211000204086304 153
1707978615296 0.920799970626831 154
1707978616084 0.9207000136375427 155
1707978616729 0.9203000068664551 156
1707978617329 0.9211000204086304 157
1707978617913 0.9204000234603882 158
1707978618813 0.921500027179718 159
1707978619615 0.9215999841690063 160
1707978620317 0.9204999804496765 161
1707978620961 0.9218000173568726 162
1707978621608 0.92330002784729 163
1707978622397 0.9222999811172485 164
1707978623249 0.921999990940094 165
1707978624099 0.9200999736785889 166
1707978625005 0.9230999946594238 167
1707978625862 0.923799991607666 168
1707978626496 0.9222000241279602 169
1707978627245 0.9236999750137329 170
1707978627846 0.9247999787330627 171
1707978628432 0.9226999878883362 172
1707978629318 0.9240999817848206 173
1707978630139 0.9222000241279602 174
1707978630819 0.9244999885559082 175
1707978631451 0.9243999719619751 176
1707978632210 0.9258999824523926 177
1707978632894 0.9239000082015991 178
1707978633518 0.9272000193595886 179
1707978634228 0.923799991607666 180
1707978635024 0.925599992275238 181
1707978635674 0.9243999719619751 182
1707978636336 0.9239000082015991 183
1707978636951 0.9243999719619751 184
1707978637754 0.9240000247955322 185
1707978638443 0.927299976348877 186
1707978639185 0.9269999861717224 187
1707978640109 0.925599992275238 188
1707978641029 0.9230999946594238 189
1707978641942 0.9244999885559082 190
1707978642726 0.9265999794006348 191
1707978643385 0.9264000058174133 192
1707978644065 0.9275000095367432 193
1707978644725 0.9248999953269958 194
1707978645653 0.9283999800682068 195
1707978646571 0.9269999861717224 196
1707978647342 0.9266999959945679 197
1707978647969 0.9262999892234802 198
1707978648642 0.9279999732971191 199
1707978649298 0.9269999861717224 200
1707978649887 0.9271000027656555 201
1707978650493 0.9283000230789185 202
1707978651114 0.9298999905586243 203
1707978651723 0.9290000200271606 204
1707978652333 0.9277999997138977 205
1707978652981 0.928600013256073 206
1707978653608 0.9297000169754028 207
1707978654219 0.9280999898910522 208
1707978654863 0.9275000095367432 209
1707978655483 0.9282000064849854 210
1707978656113 0.9307000041007996 211
1707978656838 0.9280999898910522 212
1707978657562 0.9289000034332275 213
1707978658202 0.9273999929428101 214
1707978658793 0.9282000064849854 215
1707978659409 0.9283999800682068 216
1707978660069 0.927299976348877 217
1707978660658 0.9301000237464905 218
1707978661340 0.9301000237464905 219
1707978662225 0.9271000027656555 220
1707978662879 0.9283000230789185 221
1707978663536 0.9289000034332275 222
1707978664265 0.9305999875068665 223
1707978664937 0.9296000003814697 224
1707978665535 0.9283999800682068 225
1707978666156 0.9294999837875366 226
1707978666751 0.9283999800682068 227
1707978667381 0.9273999929428101 228
1707978668024 0.9279999732971191 229
1707978668658 0.9290000200271606 230
1707978669262 0.9311000108718872 231
1707978669922 0.9279999732971191 232
1707978670589 0.9272000193595886 233
1707978671241 0.9314000010490417 234
1707978671838 0.9291999936103821 235
1707978672455 0.928600013256073 236
1707978673076 0.9297000169754028 237
1707978673964 0.9287999868392944 238
1707978674742 0.932200014591217 239
1707978675448 0.9301999807357788 240
1707978676231 0.928600013256073 241
1707978676876 0.9297000169754028 242
1707978677584 0.9298999905586243 243
1707978678379 0.9273999929428101 244
1707978679184 0.928600013256073 245
1707978679936 0.929099977016449 246
1707978680716 0.9282000064849854 247
1707978681438 0.932200014591217 248
1707978682151 0.9282000064849854 249
1707978682838 0.9297000169754028 250
1707978683546 0.9302999973297119 251
1707978684227 0.9304999709129333 252
1707978685132 0.9309999942779541 253
1707978685844 0.930400013923645 254
1707978686596 0.9305999875068665 255
1707978687411 0.9301000237464905 256
1707978688240 0.930899977684021 257
1707978689161 0.9305999875068665 258
1707978689981 0.9319000244140625 259
1707978690696 0.9312999844551086 260
1707978691327 0.9309999942779541 261
1707978691927 0.9312000274658203 262
1707978692548 0.9309999942779541 263
1707978693219 0.9314000010490417 264
1707978693814 0.9311000108718872 265
1707978694592 0.9315999746322632 266
1707978695342 0.9294000267982483 267
1707978696054 0.9307000041007996 268
1707978696797 0.9308000206947327 269
1707978697421 0.9302999973297119 270
1707978698053 0.9323999881744385 271
1707978698673 0.9294000267982483 272
1707978699316 0.9308000206947327 273
1707978699953 0.9319999814033508 274
1707978700563 0.930899977684021 275
1707978701303 0.9319999814033508 276
1707978702115 0.930899977684021 277
1707978702693 0.9319000244140625 278
1707978703389 0.932699978351593 279
1707978704234 0.9298999905586243 280
1707978704942 0.9325000047683716 281
1707978705600 0.9315999746322632 282
1707978706355 0.9307000041007996 283
1707978707065 0.9319999814033508 284
1707978707827 0.9305999875068665 285
1707978708549 0.9332000017166138 286
1707978709263 0.9336000084877014 287
1707978709957 0.9341999888420105 288
1707978710706 0.9315999746322632 289
1707978711437 0.9323999881744385 290
1707978712142 0.9319000244140625 291
1707978712806 0.9333000183105469 292
1707978713468 0.9332000017166138 293
1707978714228 0.9319000244140625 294
1707978714950 0.9320999979972839 295
1707978715555 0.9332000017166138 296
1707978716188 0.9312999844551086 297
1707978716944 0.9337999820709229 298
1707978717648 0.9358999729156494 299
