1707978508205 0.6594840288162231 0
1707978509043 0.4018334150314331 1
1707978509720 0.35697346925735474 2
1707978510704 0.33462458848953247 3
1707978511423 0.32157102227211 4
1707978512089 0.3118312358856201 5
1707978512742 0.3043907582759857 6
1707978513390 0.29672378301620483 7
1707978514099 0.28982681035995483 8
1707978514782 0.2847132682800293 9
1707978515520 0.28048843145370483 10
1707978516228 0.27624329924583435 11
1707978516908 0.2713073492050171 12
1707978517567 0.2629603147506714 13
1707978518198 0.25283083319664 14
1707978519031 0.24383586645126343 15
1707978519706 0.23620635271072388 16
1707978520393 0.22997228801250458 17
1707978521085 0.22481271624565125 18
1707978521718 0.22028757631778717 19
1707978522366 0.21595673263072968 20
1707978523116 0.21244199573993683 21
1707978524077 0.20892074704170227 22
1707978524979 0.20639446377754211 23
1707978525841 0.20312319695949554 24
1707978526523 0.20069706439971924 25
1707978527186 0.19825857877731323 26
1707978527851 0.19588975608348846 27
1707978528476 0.1937376707792282 28
1707978529183 0.19149814546108246 29
1707978529868 0.19014914333820343 30
1707978530584 0.1880870908498764 31
1707978531238 0.18674688041210175 32
1707978531890 0.18476170301437378 33
1707978532621 0.18318675458431244 34
1707978533303 0.18162231147289276 35
1707978534269 0.17986108362674713 36
1707978535190 0.17824625968933105 37
1707978535977 0.17666716873645782 38
1707978536633 0.175685852766037 39
1707978537279 0.17386405169963837 40
1707978537939 0.1729285717010498 41
1707978538716 0.1714239865541458 42
1707978539661 0.17040781676769257 43
1707978540426 0.16917037963867188 44
1707978541274 0.16796518862247467 45
1707978542005 0.16655924916267395 46
1707978542716 0.16547903418540955 47
1707978543377 0.16433724761009216 48
1707978544115 0.16398663818836212 49
1707978544942 0.16277407109737396 50
1707978545712 0.16152015328407288 51
1707978546473 0.16048428416252136 52
1707978547167 0.16007456183433533 53
1707978547848 0.15922443568706512 54
1707978548543 0.15819695591926575 55
1707978549210 0.1575094312429428 56
1707978550034 0.1566944271326065 57
1707978550907 0.15624721348285675 58
1707978551655 0.1556893140077591 59
1707978552393 0.15475770831108093 60
1707978553001 0.15456454455852509 61
1707978553639 0.15373729169368744 62
1707978554289 0.15383261442184448 63
1707978554932 0.15310999751091003 64
1707978555599 0.15234369039535522 65
1707978556234 0.15200236439704895 66
1707978556883 0.15192654728889465 67
1707978557551 0.15113882720470428 68
1707978558240 0.15082918107509613 69
1707978558942 0.15060672163963318 70
1707978559584 0.15066280961036682 71
1707978560207 0.15018150210380554 72
1707978560883 0.15002188086509705 73
1707978561528 0.1496187299489975 74
1707978562188 0.1493154913187027 75
1707978562838 0.1491299420595169 76
1707978563847 0.14890076220035553 77
1707978564501 0.14872857928276062 78
1707978565247 0.1481844186782837 79
1707978565881 0.14821472764015198 80
1707978566500 0.1480027437210083 81
1707978567153 0.1477043479681015 82
1707978567769 0.14803515374660492 83
1707978568392 0.14786279201507568 84
1707978569129 0.14726197719573975 85
1707978569883 0.1474185436964035 86
1707978570592 0.14683037996292114 87
1707978571238 0.1468559354543686 88
1707978571979 0.1465228646993637 89
1707978572672 0.14660286903381348 90
1707978573285 0.14641770720481873 91
1707978573993 0.14614371955394745 92
1707978574931 0.1463957279920578 93
1707978575698 0.1460520476102829 94
1707978576508 0.1459881216287613 95
1707978577117 0.14596442878246307 96
1707978577719 0.14577068388462067 97
1707978578421 0.1455664485692978 98
1707978579215 0.14564301073551178 99
1707978579859 0.14511314034461975 100
1707978580463 0.1451760083436966 101
1707978581088 0.14573532342910767 102
1707978581726 0.14534465968608856 103
1707978582333 0.14447665214538574 104
1707978582955 0.1447848230600357 105
1707978583674 0.14447563886642456 106
1707978584479 0.14490167796611786 107
1707978585168 0.14450180530548096 108
1707978585930 0.14455704391002655 109
1707978586529 0.14425842463970184 110
1707978587157 0.14392900466918945 111
1707978587797 0.14381828904151917 112
1707978588446 0.14429613947868347 113
1707978589072 0.14396785199642181 114
1707978589707 0.14383241534233093 115
1707978590359 0.14372490346431732 116
1707978590971 0.14386151731014252 117
1707978591690 0.14329545199871063 118
1707978592540 0.14352598786354065 119
1707978593164 0.14325401186943054 120
1707978593768 0.14354155957698822 121
1707978594481 0.14311659336090088 122
1707978595287 0.14274078607559204 123
1707978595947 0.14309939742088318 124
1707978596544 0.14265364408493042 125
1707978597180 0.14272849261760712 126
1707978597932 0.14263708889484406 127
1707978598720 0.14223740994930267 128
1707978599381 0.14238609373569489 129
1707978600084 0.14244487881660461 130
1707978600708 0.1426670104265213 131
1707978601359 0.14235837757587433 132
1707978602008 0.14180408418178558 133
1707978602616 0.14188537001609802 134
1707978603328 0.1419326663017273 135
1707978604117 0.1414535492658615 136
1707978604711 0.14160692691802979 137
1707978605332 0.14198185503482819 138
1707978605978 0.14169606566429138 139
1707978606620 0.14157408475875854 140
1707978607203 0.14126253128051758 141
1707978607808 0.1412675976753235 142
1707978608419 0.14143019914627075 143
1707978609033 0.14127066731452942 144
1707978609762 0.1411530077457428 145
1707978610349 0.14092698693275452 146
1707978610937 0.14106948673725128 147
1707978611528 0.1407492756843567 148
1707978612121 0.14113348722457886 149
1707978612718 0.1411651223897934 150
1707978613325 0.14067775011062622 151
1707978613970 0.1407364010810852 152
1707978614598 0.14052315056324005 153
1707978615296 0.14043626189231873 154
1707978616084 0.14045529067516327 155
1707978616729 0.14085499942302704 156
1707978617329 0.1404070258140564 157
1707978617913 0.140224426984787 158
1707978618813 0.14026865363121033 159
1707978619615 0.14006400108337402 160
1707978620317 0.14039075374603271 161
1707978620961 0.139845073223114 162
1707978621608 0.1397802084684372 163
1707978622397 0.13995783030986786 164
1707978623249 0.1395396739244461 165
1707978624099 0.13961228728294373 166
1707978625005 0.13949808478355408 167
1707978625862 0.13953037559986115 168
1707978626496 0.1393144577741623 169
1707978627245 0.13936106860637665 170
1707978627846 0.13892750442028046 171
1707978628432 0.1394634246826172 172
1707978629318 0.13885071873664856 173
1707978630139 0.13931898772716522 174
1707978630819 0.1388975828886032 175
1707978631451 0.13865222036838531 176
1707978632210 0.13905644416809082 177
1707978632894 0.13864175975322723 178
1707978633518 0.13844835758209229 179
1707978634228 0.13864322006702423 180
1707978635024 0.1382489800453186 181
1707978635674 0.13868756592273712 182
1707978636336 0.13897578418254852 183
1707978636951 0.13831716775894165 184
1707978637754 0.13861267268657684 185
1707978638443 0.13774490356445312 186
1707978639185 0.138111412525177 187
1707978640109 0.13839370012283325 188
1707978641029 0.13835453987121582 189
1707978641942 0.13812042772769928 190
1707978642726 0.13788212835788727 191
1707978643385 0.13781122863292694 192
1707978644065 0.13766293227672577 193
1707978644725 0.1378163844347 194
1707978645653 0.13768994808197021 195
1707978646571 0.13743874430656433 196
1707978647342 0.1375638097524643 197
1707978647969 0.1375194787979126 198
1707978648642 0.13735945522785187 199
1707978649298 0.1372145712375641 200
1707978649887 0.13805153965950012 201
1707978650493 0.13736093044281006 202
1707978651114 0.13692450523376465 203
1707978651723 0.1371784210205078 204
1707978652333 0.13774485886096954 205
1707978652981 0.13738101720809937 206
1707978653608 0.137136310338974 207
1707978654219 0.13721367716789246 208
1707978654863 0.13683001697063446 209
1707978655483 0.13710598647594452 210
1707978656113 0.1366337537765503 211
1707978656838 0.1367567628622055 212
1707978657562 0.13664349913597107 213
1707978658202 0.13739381730556488 214
1707978658793 0.1367807239294052 215
1707978659409 0.13662591576576233 216
1707978660069 0.1369307041168213 217
1707978660658 0.13657990097999573 218
1707978661340 0.13632632791996002 219
1707978662225 0.13647980988025665 220
1707978662879 0.1366552859544754 221
1707978663536 0.13663555681705475 222
1707978664265 0.13690361380577087 223
1707978664937 0.1364561915397644 224
1707978665535 0.13670846819877625 225
1707978666156 0.13655638694763184 226
1707978666751 0.1364467442035675 227
1707978667381 0.13667793571949005 228
1707978668024 0.13614961504936218 229
1707978668658 0.1365322768688202 230
1707978669262 0.1360376477241516 231
1707978669922 0.1362416297197342 232
1707978670589 0.13617485761642456 233
1707978671241 0.135855033993721 234
1707978671838 0.13600938022136688 235
1707978672455 0.13605830073356628 236
1707978673076 0.13593627512454987 237
1707978673964 0.1358584612607956 238
1707978674742 0.13567081093788147 239
1707978675448 0.13583487272262573 240
1707978676231 0.13608361780643463 241
1707978676876 0.1357261836528778 242
1707978677584 0.13585920631885529 243
1707978678379 0.13641105592250824 244
1707978679184 0.1357206404209137 245
1707978679936 0.13592155277729034 246
1707978680716 0.13596145808696747 247
1707978681438 0.13521485030651093 248
1707978682151 0.13572220504283905 249
1707978682838 0.13567620515823364 250
1707978683546 0.13567137718200684 251
1707978684227 0.13564333319664001 252
1707978685132 0.13534747064113617 253
1707978685844 0.13515383005142212 254
1707978686596 0.1352754682302475 255
1707978687411 0.13518857955932617 256
1707978688240 0.13526853919029236 257
1707978689161 0.13521744310855865 258
1707978689981 0.1352824717760086 259
1707978690696 0.1347646415233612 260
1707978691327 0.13510911166667938 261
1707978691927 0.1347724348306656 262
1707978692548 0.13471776247024536 263
1707978693219 0.13484378159046173 264
1707978693814 0.1349269151687622 265
1707978694592 0.135015606880188 266
1707978695342 0.13527818024158478 267
1707978696054 0.13501985371112823 268
1707978696797 0.1351744383573532 269
1707978697421 0.13523635268211365 270
1707978698053 0.13480418920516968 271
1707978698673 0.1352071315050125 272
1707978699316 0.1351333111524582 273
1707978699953 0.13469108939170837 274
1707978700563 0.13481593132019043 275
1707978701303 0.1344877928495407 276
1707978702115 0.13487130403518677 277
1707978702693 0.13440203666687012 278
1707978703389 0.13420534133911133 279
1707978704234 0.1348142921924591 280
1707978704942 0.13421450555324554 281
1707978705600 0.13447238504886627 282
1707978706355 0.13473275303840637 283
1707978707065 0.13417643308639526 284
1707978707827 0.13446161150932312 285
1707978708549 0.1342833936214447 286
1707978709263 0.13419757783412933 287
1707978709957 0.13423943519592285 288
1707978710706 0.13416767120361328 289
1707978711437 0.13458801805973053 290
1707978712142 0.13455210626125336 291
1707978712806 0.1342715173959732 292
1707978713468 0.13407085835933685 293
1707978714228 0.134227454662323 294
1707978714950 0.1340891569852829 295
1707978715555 0.13415978848934174 296
1707978716188 0.1344013512134552 297
1707978716944 0.1339426040649414 298
1707978717648 0.13393425941467285 299
