1707697576902 0.6468333601951599 0
1707697578357 0.8839499950408936 1
1707697579795 0.9068166613578796 2
1707697581235 0.917900025844574 3
1707697582709 0.9258666634559631 4
1707697584213 0.9314500093460083 5
1707697585688 0.9359333515167236 6
1707697587149 0.9398000240325928 7
1707697588616 0.9423499703407288 8
1707697590075 0.9458000063896179 9
1707697591525 0.9475666880607605 10
1707697592961 0.9496333599090576 11
1707697594429 0.9508833289146423 12
1707697595893 0.9526666402816772 13
1707697597359 0.9535499811172485 14
1707697598807 0.9552333354949951 15
1707697600287 0.9559999704360962 16
1707697601751 0.9573333263397217 17
1707697603213 0.9582499861717224 18
1707697604666 0.9597333073616028 19
1707697606112 0.9606999754905701 20
1707697607594 0.9609000086784363 21
1707697609069 0.961983323097229 22
1707697610564 0.962933361530304 23
1707697612026 0.9642000198364258 24
1707697613520 0.9642833471298218 25
1707697615003 0.9651333093643188 26
1707697616480 0.9662500023841858 27
1707697617936 0.9664833545684814 28
1707697619402 0.9672166705131531 29
