1707697576902 0.24937184154987335 0
1707697578357 0.10610456764698029 1
1707697579795 0.06959075480699539 2
1707697581235 0.05704168602824211 3
1707697582709 0.05073537677526474 4
1707697584213 0.0466373935341835 5
1707697585688 0.043614912778139114 6
1707697587149 0.04124253988265991 7
1707697588616 0.03935384750366211 8
1707697590075 0.03771346062421799 9
1707697591525 0.0363660492002964 10
1707697592961 0.03514157980680466 11
1707697594429 0.03410512953996658 12
1707697595893 0.03315155208110809 13
1707697597359 0.03227601945400238 14
1707697598807 0.03147996962070465 15
1707697600287 0.030740229412913322 16
1707697601751 0.03005983494222164 17
1707697603213 0.029446333646774292 18
1707697604666 0.028826361522078514 19
1707697606112 0.02831067517399788 20
1707697607594 0.027762195095419884 21
1707697609069 0.02727423422038555 22
1707697610564 0.02676982618868351 23
1707697612026 0.02634480409324169 24
1707697613520 0.02590237557888031 25
1707697615003 0.025495486333966255 26
1707697616480 0.025058681145310402 27
1707697617936 0.024756833910942078 28
1707697619402 0.02432052604854107 29
