1707697453948 0.6307500004768372 0
1707697455461 0.883400022983551 1
1707697456935 0.9101333618164062 2
1707697458399 0.921999990940094 3
1707697459841 0.9291166663169861 4
1707697461394 0.9340000152587891 5
1707697462854 0.9385666847229004 6
1707697464320 0.9426000118255615 7
1707697465796 0.9449166655540466 8
1707697467251 0.9475499987602234 9
1707697468707 0.9499333500862122 10
1707697470176 0.9523500204086304 11
1707697471638 0.9538666605949402 12
1707697473087 0.9550999999046326 13
1707697474565 0.956416666507721 14
1707697476027 0.9576500058174133 15
1707697477496 0.9591500163078308 16
1707697479158 0.9601333141326904 17
1707697480644 0.9607666730880737 18
1707697482103 0.9614999890327454 19
1707697483572 0.9626166820526123 20
1707697485023 0.9630166888237 21
1707697486490 0.9643666744232178 22
1707697487969 0.964816689491272 23
1707697489423 0.965749979019165 24
1707697490905 0.9661666750907898 25
1707697492369 0.9666333198547363 26
1707697493844 0.9674666523933411 27
1707697495301 0.9679666757583618 28
1707697496766 0.9684833288192749 29
