1707697453948 0.2573031783103943 0
1707697455461 0.10831309109926224 1
1707697456935 0.06929987668991089 2
1707697458399 0.05576358363032341 3
1707697459841 0.04907932132482529 4
1707697461394 0.04494757950305939 5
1707697462854 0.041944004595279694 6
1707697464320 0.03958646208047867 7
1707697465796 0.03763516619801521 8
1707697467251 0.03606301546096802 9
1707697468707 0.03463568538427353 10
1707697470176 0.03344302624464035 11
1707697471638 0.03240169957280159 12
1707697473087 0.03139825165271759 13
1707697474565 0.030554071068763733 14
1707697476027 0.0297437384724617 15
1707697477496 0.02901991829276085 16
1707697479158 0.0283760204911232 17
1707697480644 0.027799544855952263 18
1707697482103 0.027248376980423927 19
1707697483572 0.02670595422387123 20
1707697485023 0.026219431310892105 21
1707697486490 0.02575024776160717 22
1707697487969 0.02530481107532978 23
1707697489423 0.024865683168172836 24
1707697490905 0.024524949491024017 25
1707697492369 0.024126946926116943 26
1707697493844 0.023757126182317734 27
1707697495301 0.023423677310347557 28
1707697496766 0.023125790059566498 29
