1707700508312 0.8816999793052673 0
1707700514471 0.9671333432197571 1
1707700520630 0.9800166487693787 2
1707700526848 0.9858166575431824 3
1707700533037 0.989466667175293 4
1707700539308 0.9922500252723694 5
1707700545557 0.9940999746322632 6
1707700551769 0.994700014591217 7
1707700558088 0.9958000183105469 8
1707700564409 0.9962999820709229 9
1707700570583 0.9971666932106018 10
1707700576773 0.9972333312034607 11
1707700582904 0.9977999925613403 12
1707700589048 0.9977333545684814 13
1707700595383 0.9979166388511658 14
1707700601671 0.998116672039032 15
1707700607901 0.9983999729156494 16
1707700614266 0.99836665391922 17
1707700620445 0.9980833530426025 18
1707700626608 0.9986166954040527 19
1707700632777 0.9992166757583618 20
1707700639080 0.9984166622161865 21
1707700645300 0.9988499879837036 22
1707700651546 0.9984666705131531 23
1707700657808 0.9993500113487244 24
1707700664098 0.9988999962806702 25
1707700670368 0.9987833499908447 26
1707700676840 0.9988999962806702 27
1707700683085 0.9993333220481873 28
1707700689235 0.9994000196456909 29
