1707700508312 0.11405092477798462 0
1707700514471 0.027369124814867973 1
1707700520630 0.014705750159919262 2
1707700526848 0.009988576173782349 3
1707700533037 0.007369892671704292 4
1707700539308 0.0055137206800282 5
1707700545557 0.0043012164533138275 6
1707700551769 0.0037492725532501936 7
1707700558088 0.0029757176525890827 8
1707700564409 0.00248730625025928 9
1707700570583 0.002073736861348152 10
1707700576773 0.001979074440896511 11
1707700582904 0.0015765418065711856 12
1707700589048 0.0015371316112577915 13
1707700595383 0.0015435420209541917 14
1707700601671 0.0013179407687857747 15
1707700607901 0.0011889416491612792 16
1707700614266 0.001167744747363031 17
1707700620445 0.0013747597113251686 18
1707700626608 0.0009452060330659151 19
1707700632777 0.0006086258217692375 20
1707700639080 0.0011221271706745028 21
1707700645300 0.0008375411853194237 22
1707700651546 0.0009874548995867372 23
1707700657808 0.0005440328386612236 24
1707700664098 0.0007956209010444582 25
1707700670368 0.0007748188218101859 26
1707700676840 0.0007864110521040857 27
1707700683085 0.0004753920657094568 28
1707700689235 0.0005020020762458444 29
