1707976220232 0.09780000150203705 0
1707976221056 0.09780000150203705 1
1707976221872 0.09730000048875809 2
1707976222681 0.09740000218153 3
1707976223508 0.10779999941587448 4
1707976224320 0.11270000040531158 5
1707976225124 0.10920000076293945 6
1707976225930 0.11270000040531158 7
1707976226784 0.11270000040531158 8
1707976227630 0.11270000040531158 9
1707976228521 0.11270000040531158 10
1707976229348 0.11270000040531158 11
1707976230203 0.11270000040531158 12
1707976231029 0.11270000040531158 13
1707976231822 0.11029999703168869 14
1707976232661 0.10719999670982361 15
1707976233478 0.10369999706745148 16
1707976234279 0.10289999842643738 17
1707976235096 0.09780000150203705 18
1707976235899 0.09780000150203705 19
1707976236717 0.09780000150203705 20
1707976237578 0.09780000150203705 21
1707976238409 0.09799999743700027 22
1707976239213 0.09960000216960907 23
1707976240060 0.09939999878406525 24
1707976240902 0.10320000350475311 25
1707976241800 0.10279999673366547 26
1707976242630 0.11010000109672546 27
1707976243473 0.11270000040531158 28
1707976244476 0.11270000040531158 29
1707976245387 0.11270000040531158 30
1707976246223 0.11270000040531158 31
1707976247024 0.11270000040531158 32
1707976247898 0.11270000040531158 33
1707976248825 0.11270000040531158 34
1707976249990 0.11270000040531158 35
1707976251080 0.11270000040531158 36
1707976251675 0.11270000040531158 37
1707976252693 0.11270000040531158 38
1707976253930 0.11270000040531158 39
1707976254807 0.11270000040531158 40
1707976255736 0.11270000040531158 41
1707976256658 0.11270000040531158 42
1707976257773 0.11270000040531158 43
1707976258597 0.11270000040531158 44
1707976259372 0.11270000040531158 45
1707976260275 0.11270000040531158 46
1707976261151 0.11270000040531158 47
1707976262060 0.11270000040531158 48
1707976263059 0.11270000040531158 49
1707976264175 0.11270000040531158 50
1707976265183 0.11270000040531158 51
1707976266152 0.11270000040531158 52
1707976266961 0.11270000040531158 53
1707976267810 0.11270000040531158 54
1707976268698 0.11270000040531158 55
1707976269703 0.11270000040531158 56
1707976270623 0.11270000040531158 57
1707976271570 0.11270000040531158 58
1707976272747 0.11270000040531158 59
1707976273855 0.11270000040531158 60
1707976274725 0.11270000040531158 61
1707976275630 0.11270000040531158 62
1707976276575 0.11270000040531158 63
1707976277668 0.11270000040531158 64
1707976278805 0.11270000040531158 65
1707976279700 0.11270000040531158 66
1707976280582 0.11270000040531158 67
1707976281467 0.11270000040531158 68
1707976282467 0.11270000040531158 69
1707976283406 0.11270000040531158 70
1707976284388 0.11270000040531158 71
1707976285379 0.11270000040531158 72
1707976286293 0.11270000040531158 73
1707976287198 0.11270000040531158 74
1707976288070 0.11270000040531158 75
1707976288915 0.11270000040531158 76
1707976289892 0.11270000040531158 77
1707976290752 0.11270000040531158 78
1707976291646 0.11270000040531158 79
1707976292549 0.11270000040531158 80
1707976293433 0.11270000040531158 81
1707976294406 0.11270000040531158 82
1707976295311 0.11270000040531158 83
1707976296198 0.11270000040531158 84
1707976297074 0.11270000040531158 85
1707976297932 0.11270000040531158 86
1707976298856 0.11270000040531158 87
1707976299723 0.11270000040531158 88
1707976300545 0.11270000040531158 89
1707976301411 0.11270000040531158 90
1707976302270 0.11270000040531158 91
1707976303170 0.11270000040531158 92
1707976304152 0.11270000040531158 93
1707976305097 0.11270000040531158 94
1707976306036 0.11270000040531158 95
1707976306916 0.11270000040531158 96
1707976307896 0.11270000040531158 97
1707976308880 0.11270000040531158 98
1707976309778 0.11270000040531158 99
1707976310741 0.11270000040531158 100
1707976311613 0.11270000040531158 101
1707976312506 0.11270000040531158 102
1707976313443 0.11270000040531158 103
1707976314389 0.11270000040531158 104
1707976315270 0.11270000040531158 105
1707976316175 0.11270000040531158 106
1707976317167 0.11270000040531158 107
1707976318197 0.11270000040531158 108
1707976319229 0.11270000040531158 109
1707976320352 0.11270000040531158 110
1707976321308 0.11270000040531158 111
1707976322127 0.11270000040531158 112
1707976323185 0.11270000040531158 113
1707976324148 0.11270000040531158 114
1707976324967 0.11270000040531158 115
1707976325811 0.11270000040531158 116
1707976326640 0.11270000040531158 117
1707976327482 0.11270000040531158 118
1707976328327 0.11270000040531158 119
1707976329178 0.11270000040531158 120
1707976330036 0.11270000040531158 121
1707976330881 0.11270000040531158 122
1707976331755 0.11270000040531158 123
1707976332613 0.11270000040531158 124
1707976333446 0.11270000040531158 125
1707976334312 0.11270000040531158 126
1707976335278 0.11270000040531158 127
1707976336203 0.11270000040531158 128
1707976337087 0.11270000040531158 129
1707976337985 0.11270000040531158 130
1707976338843 0.11270000040531158 131
1707976339662 0.11270000040531158 132
1707976340642 0.11270000040531158 133
1707976341515 0.11270000040531158 134
1707976342397 0.11270000040531158 135
1707976343265 0.11270000040531158 136
1707976344264 0.11270000040531158 137
1707976345164 0.11270000040531158 138
1707976346078 0.11270000040531158 139
1707976346951 0.11270000040531158 140
1707976347792 0.11270000040531158 141
1707976348618 0.11270000040531158 142
1707976349466 0.11270000040531158 143
1707976350294 0.11270000040531158 144
1707976351110 0.11270000040531158 145
1707976351929 0.11270000040531158 146
1707976352734 0.11270000040531158 147
1707976353558 0.11270000040531158 148
1707976354400 0.11270000040531158 149
1707976355222 0.11270000040531158 150
1707976356042 0.11270000040531158 151
1707976356846 0.11270000040531158 152
1707976357737 0.11270000040531158 153
1707976358757 0.11270000040531158 154
1707976359726 0.11270000040531158 155
1707976360713 0.11270000040531158 156
1707976361659 0.11270000040531158 157
1707976362613 0.11270000040531158 158
1707976363586 0.11270000040531158 159
1707976364448 0.11270000040531158 160
1707976365424 0.11270000040531158 161
1707976366366 0.11270000040531158 162
1707976367200 0.11270000040531158 163
1707976368041 0.11270000040531158 164
1707976368923 0.11270000040531158 165
1707976369776 0.11270000040531158 166
1707976370665 0.11270000040531158 167
1707976371610 0.11270000040531158 168
1707976372573 0.11270000040531158 169
1707976373585 0.11270000040531158 170
1707976374561 0.11270000040531158 171
1707976375570 0.11270000040531158 172
1707976376555 0.11270000040531158 173
1707976377473 0.11270000040531158 174
1707976378486 0.11270000040531158 175
1707976379389 0.11270000040531158 176
1707976380350 0.11270000040531158 177
1707976381307 0.11270000040531158 178
1707976382163 0.11270000040531158 179
1707976382987 0.11270000040531158 180
1707976383877 0.11270000040531158 181
1707976384743 0.11270000040531158 182
1707976385626 0.11270000040531158 183
1707976386559 0.11270000040531158 184
1707976387559 0.11270000040531158 185
1707976388493 0.11270000040531158 186
1707976389526 0.11270000040531158 187
1707976390546 0.11270000040531158 188
1707976391556 0.11270000040531158 189
1707976392502 0.11270000040531158 190
1707976393376 0.11270000040531158 191
1707976394300 0.11270000040531158 192
1707976395156 0.11270000040531158 193
1707976396183 0.11270000040531158 194
1707976397170 0.11270000040531158 195
1707976398178 0.11270000040531158 196
1707976399201 0.11270000040531158 197
1707976400189 0.11270000040531158 198
1707976401081 0.11270000040531158 199
1707976401928 0.11270000040531158 200
1707976402824 0.11270000040531158 201
1707976403642 0.11270000040531158 202
1707976404568 0.11270000040531158 203
1707976405485 0.11270000040531158 204
1707976406326 0.11270000040531158 205
1707976407268 0.11270000040531158 206
1707976408196 0.11270000040531158 207
1707976409079 0.11270000040531158 208
1707976410042 0.11270000040531158 209
1707976411050 0.11270000040531158 210
1707976411921 0.11270000040531158 211
1707976412767 0.11270000040531158 212
1707976413686 0.11270000040531158 213
1707976414537 0.11270000040531158 214
1707976415407 0.11270000040531158 215
1707976416321 0.11270000040531158 216
1707976417164 0.11270000040531158 217
1707976418020 0.11270000040531158 218
1707976418957 0.11270000040531158 219
1707976419807 0.11270000040531158 220
1707976420647 0.11270000040531158 221
1707976421504 0.11270000040531158 222
1707976422342 0.11270000040531158 223
1707976423208 0.11270000040531158 224
1707976424059 0.11270000040531158 225
1707976424910 0.11270000040531158 226
1707976425820 0.11270000040531158 227
1707976426661 0.11270000040531158 228
1707976427503 0.11270000040531158 229
1707976428343 0.11270000040531158 230
1707976429194 0.11270000040531158 231
1707976430093 0.11270000040531158 232
1707976431070 0.11270000040531158 233
1707976432010 0.11270000040531158 234
1707976432924 0.11270000040531158 235
1707976433938 0.11270000040531158 236
1707976434893 0.11270000040531158 237
1707976435868 0.11270000040531158 238
1707976436824 0.11270000040531158 239
1707976437783 0.11270000040531158 240
1707976438719 0.11270000040531158 241
1707976439677 0.11270000040531158 242
1707976440640 0.11270000040531158 243
1707976441594 0.11270000040531158 244
1707976442484 0.11270000040531158 245
1707976443391 0.11270000040531158 246
1707976444261 0.11270000040531158 247
1707976445082 0.11270000040531158 248
1707976446026 0.11270000040531158 249
1707976446914 0.11270000040531158 250
1707976447811 0.11270000040531158 251
1707976448713 0.11270000040531158 252
1707976449749 0.11270000040531158 253
1707976450769 0.11270000040531158 254
1707976451707 0.11270000040531158 255
1707976452576 0.11270000040531158 256
1707976453462 0.11270000040531158 257
1707976454313 0.11270000040531158 258
1707976455139 0.11270000040531158 259
1707976455997 0.11270000040531158 260
1707976456879 0.11270000040531158 261
1707976457740 0.11270000040531158 262
1707976458666 0.11270000040531158 263
1707976459577 0.11270000040531158 264
1707976460478 0.11270000040531158 265
1707976461441 0.11270000040531158 266
1707976462437 0.11270000040531158 267
1707976463295 0.11270000040531158 268
1707976464164 0.11270000040531158 269
1707976465020 0.11270000040531158 270
1707976465910 0.11270000040531158 271
1707976466860 0.11270000040531158 272
1707976467725 0.11270000040531158 273
1707976468584 0.11270000040531158 274
1707976469578 0.11270000040531158 275
1707976470484 0.11270000040531158 276
1707976471405 0.11270000040531158 277
1707976472378 0.11270000040531158 278
1707976473223 0.11270000040531158 279
1707976474068 0.11270000040531158 280
1707976474916 0.11270000040531158 281
1707976475791 0.11270000040531158 282
1707976476691 0.11270000040531158 283
1707976477523 0.11270000040531158 284
1707976478409 0.11270000040531158 285
1707976479360 0.11270000040531158 286
1707976480301 0.11270000040531158 287
1707976481231 0.11270000040531158 288
1707976482200 0.11270000040531158 289
1707976483219 0.11270000040531158 290
1707976484239 0.11270000040531158 291
1707976485197 0.11270000040531158 292
1707976486072 0.11270000040531158 293
1707976487070 0.11270000040531158 294
1707976488023 0.11270000040531158 295
1707976488898 0.11270000040531158 296
1707976489860 0.11270000040531158 297
1707976490720 0.11270000040531158 298
1707976491555 0.11270000040531158 299
