1707976220232 12.79529094696045 0
1707976221056 2.8383092880249023 1
1707976221872 1.1908965110778809 2
1707976222681 0.7320194244384766 3
1707976223508 0.6230486035346985 4
1707976224320 0.5821832418441772 5
1707976225124 0.561699628829956 6
1707976225930 0.5455763339996338 7
1707976226784 0.5309765338897705 8
1707976227630 0.5171680450439453 9
1707976228521 0.5041572451591492 10
1707976229348 0.4917680323123932 11
1707976230203 0.47983482480049133 12
1707976231029 0.468341588973999 13
1707976231822 0.4573161005973816 14
1707976232661 0.44682469964027405 15
1707976233478 0.4370388090610504 16
1707976234279 0.42833706736564636 17
1707976235096 0.42085570096969604 18
1707976235899 0.41452720761299133 19
1707976236717 0.4091489613056183 20
1707976237578 0.40454792976379395 21
1707976238409 0.40070438385009766 22
1707976239213 0.3975532650947571 23
1707976240060 0.39495277404785156 24
1707976240902 0.3929494023323059 25
1707976241800 0.3914393186569214 26
1707976242630 0.3902837038040161 27
1707976243473 0.3894653618335724 28
1707976244476 0.3888995349407196 29
1707976245387 0.38855215907096863 30
1707976246223 0.3883165419101715 31
1707976247024 0.38816285133361816 32
1707976247898 0.38808199763298035 33
1707976248825 0.38800743222236633 34
1707976249990 0.38800325989723206 35
1707976251080 0.38798871636390686 36
1707976251675 0.3879617750644684 37
1707976252693 0.3879716396331787 38
1707976253930 0.38795194029808044 39
1707976254807 0.3879460394382477 40
1707976255736 0.3879774510860443 41
1707976256658 0.387945294380188 42
1707976257773 0.387935608625412 43
1707976258597 0.38794970512390137 44
1707976259372 0.3879486918449402 45
1707976260275 0.3879319727420807 46
1707976261151 0.38795679807662964 47
1707976262060 0.38796478509902954 48
1707976263059 0.3879338204860687 49
1707976264175 0.387974351644516 50
1707976265183 0.3879585862159729 51
1707976266152 0.3879416882991791 52
1707976266961 0.38796746730804443 53
1707976267810 0.38794857263565063 54
1707976268698 0.3879416286945343 55
1707976269703 0.3879554271697998 56
1707976270623 0.38795167207717896 57
1707976271570 0.38794422149658203 58
1707976272747 0.3879593014717102 59
1707976273855 0.3879539668560028 60
1707976274725 0.38794243335723877 61
1707976275630 0.38797858357429504 62
1707976276575 0.3879406452178955 63
1707976277668 0.387938916683197 64
1707976278805 0.3879818320274353 65
1707976279700 0.38794592022895813 66
1707976280582 0.387943297624588 67
1707976281467 0.3879474997520447 68
1707976282467 0.3879435062408447 69
1707976283406 0.38795772194862366 70
1707976284388 0.3879447877407074 71
1707976285379 0.3879622220993042 72
1707976286293 0.3879435360431671 73
1707976287198 0.38795673847198486 74
1707976288070 0.3879540264606476 75
1707976288915 0.38792794942855835 76
1707976289892 0.3879518508911133 77
1707976290752 0.38794758915901184 78
1707976291646 0.38792887330055237 79
1707976292549 0.38796356320381165 80
1707976293433 0.387948602437973 81
1707976294406 0.38793206214904785 82
1707976295311 0.3879665434360504 83
1707976296198 0.38792991638183594 84
1707976297074 0.38794803619384766 85
1707976297932 0.3879540264606476 86
1707976298856 0.3879508674144745 87
1707976299723 0.3879493772983551 88
1707976300545 0.3879292607307434 89
1707976301411 0.3879581391811371 90
1707976302270 0.38794124126434326 91
1707976303170 0.3879599869251251 92
1707976304152 0.3879525065422058 93
1707976305097 0.38792040944099426 94
1707976306036 0.38796189427375793 95
1707976306916 0.3879636824131012 96
1707976307896 0.3879363536834717 97
1707976308880 0.38795205950737 98
1707976309778 0.38794657588005066 99
1707976310741 0.3879318833351135 100
1707976311613 0.38796117901802063 101
1707976312506 0.3879445493221283 102
1707976313443 0.38793981075286865 103
1707976314389 0.3879597783088684 104
1707976315270 0.3879466652870178 105
1707976316175 0.3879546523094177 106
1707976317167 0.38795533776283264 107
1707976318197 0.3879798948764801 108
1707976319229 0.387935996055603 109
1707976320352 0.3879593312740326 110
1707976321308 0.38794490694999695 111
1707976322127 0.3879460394382477 112
1707976323185 0.38796502351760864 113
1707976324148 0.3879421353340149 114
1707976324967 0.3879412114620209 115
1707976325811 0.38796666264533997 116
1707976326640 0.3879649043083191 117
1707976327482 0.38794445991516113 118
1707976328327 0.387967586517334 119
1707976329178 0.3879286050796509 120
1707976330036 0.38793978095054626 121
1707976330881 0.3879687488079071 122
1707976331755 0.38793912529945374 123
1707976332613 0.38791829347610474 124
1707976333446 0.38796353340148926 125
1707976334312 0.3879615366458893 126
1707976335278 0.3879357874393463 127
1707976336203 0.3879530727863312 128
1707976337087 0.38792499899864197 129
1707976337985 0.3879420757293701 130
1707976338843 0.3879390358924866 131
1707976339662 0.38794365525245667 132
1707976340642 0.3879224956035614 133
1707976341515 0.3879329562187195 134
1707976342397 0.3879512548446655 135
1707976343265 0.3879191279411316 136
1707976344264 0.3879569470882416 137
1707976345164 0.3879401981830597 138
1707976346078 0.38792315125465393 139
1707976346951 0.3879590332508087 140
1707976347792 0.38793572783470154 141
1707976348618 0.3879205882549286 142
1707976349466 0.3879382908344269 143
1707976350294 0.38792285323143005 144
1707976351110 0.3879292607307434 145
1707976351929 0.3879462480545044 146
1707976352734 0.3879447281360626 147
1707976353558 0.3879428505897522 148
1707976354400 0.3879297971725464 149
1707976355222 0.38796374201774597 150
1707976356042 0.38793328404426575 151
1707976356846 0.3879478871822357 152
1707976357737 0.3879401981830597 153
1707976358757 0.38790184259414673 154
1707976359726 0.38794630765914917 155
1707976360713 0.3879331648349762 156
1707976361659 0.38791921734809875 157
1707976362613 0.3879595994949341 158
1707976363586 0.3879231810569763 159
1707976364448 0.3879244923591614 160
1707976365424 0.3879542052745819 161
1707976366366 0.3879345953464508 162
1707976367200 0.3879343271255493 163
1707976368041 0.3879374861717224 164
1707976368923 0.38792020082473755 165
1707976369776 0.3879307508468628 166
1707976370665 0.3879384398460388 167
1707976371610 0.3879273533821106 168
1707976372573 0.3879244029521942 169
1707976373585 0.38794320821762085 170
1707976374561 0.3879203200340271 171
1707976375570 0.38792020082473755 172
1707976376555 0.38795006275177 173
1707976377473 0.3879120349884033 174
1707976378486 0.38791534304618835 175
1707976379389 0.3879341781139374 176
1707976380350 0.3879368305206299 177
1707976381307 0.3879183232784271 178
1707976382163 0.38793256878852844 179
1707976382987 0.387932687997818 180
1707976383877 0.3879295885562897 181
1707976384743 0.3879426419734955 182
1707976385626 0.3879214823246002 183
1707976386559 0.3879075348377228 184
1707976387559 0.3879278600215912 185
1707976388493 0.3879319727420807 186
1707976389526 0.38791927695274353 187
1707976390546 0.38792166113853455 188
1707976391556 0.38791924715042114 189
1707976392502 0.38791364431381226 190
1707976393376 0.38793766498565674 191
1707976394300 0.3879207372665405 192
1707976395156 0.38789960741996765 193
1707976396183 0.38791418075561523 194
1707976397170 0.38792556524276733 195
1707976398178 0.3879016637802124 196
1707976399201 0.38793492317199707 197
1707976400189 0.38790786266326904 198
1707976401081 0.3878825604915619 199
1707976401928 0.387924462556839 200
1707976402824 0.38789650797843933 201
1707976403642 0.38792362809181213 202
1707976404568 0.3879120647907257 203
1707976405485 0.3879024088382721 204
1707976406326 0.38791295886039734 205
1707976407268 0.3879252076148987 206
1707976408196 0.38791006803512573 207
1707976409079 0.38790062069892883 208
1707976410042 0.3879072070121765 209
1707976411050 0.38790246844291687 210
1707976411921 0.38789665699005127 211
1707976412767 0.3879261612892151 212
1707976413686 0.38792118430137634 213
1707976414537 0.3878934979438782 214
1707976415407 0.38794463872909546 215
1707976416321 0.3879103660583496 216
1707976417164 0.3879100978374481 217
1707976418020 0.3879285156726837 218
1707976418957 0.3878931999206543 219
1707976419807 0.38791322708129883 220
1707976420647 0.3879324793815613 221
1707976421504 0.3879019618034363 222
1707976422342 0.3878899812698364 223
1707976423208 0.38790446519851685 224
1707976424059 0.38791197538375854 225
1707976424910 0.3879103660583496 226
1707976425820 0.3879222571849823 227
1707976426661 0.38791725039482117 228
1707976427503 0.3878916800022125 229
1707976428343 0.38791611790657043 230
1707976429194 0.38791510462760925 231
1707976430093 0.38788363337516785 232
1707976431070 0.3879140615463257 233
1707976432010 0.38790982961654663 234
1707976432924 0.3879062831401825 235
1707976433938 0.38791969418525696 236
1707976434893 0.3878932595252991 237
1707976435868 0.38790905475616455 238
1707976436824 0.3879059851169586 239
1707976437783 0.3879075348377228 240
1707976438719 0.3878937363624573 241
1707976439677 0.3878951668739319 242
1707976440640 0.38789504766464233 243
1707976441594 0.3878902196884155 244
1707976442484 0.38790974020957947 245
1707976443391 0.3879048228263855 246
1707976444261 0.3879022002220154 247
1707976445082 0.38791021704673767 248
1707976446026 0.3879091143608093 249
1707976446914 0.38788118958473206 250
1707976447811 0.38791924715042114 251
1707976448713 0.3878970146179199 252
1707976449749 0.3879050612449646 253
1707976450769 0.3879060447216034 254
1707976451707 0.3879038989543915 255
1707976452576 0.3878973722457886 256
1707976453462 0.38793355226516724 257
1707976454313 0.3878876268863678 258
1707976455139 0.38788315653800964 259
1707976455997 0.3879411518573761 260
1707976456879 0.38789522647857666 261
1707976457740 0.38790467381477356 262
1707976458666 0.3879002332687378 263
1707976459577 0.38789790868759155 264
1707976460478 0.38790440559387207 265
1707976461441 0.38790977001190186 266
1707976462437 0.38790854811668396 267
1707976463295 0.3878728449344635 268
1707976464164 0.38789820671081543 269
1707976465020 0.38789814710617065 270
1707976465910 0.3878953754901886 271
1707976466860 0.387904554605484 272
1707976467725 0.38788774609565735 273
1707976468584 0.38787713646888733 274
1707976469578 0.38792264461517334 275
1707976470484 0.38788583874702454 276
1707976471405 0.38787686824798584 277
1707976472378 0.3879048526287079 278
1707976473223 0.3878740072250366 279
1707976474068 0.3878782093524933 280
1707976474916 0.38789671659469604 281
1707976475791 0.38789689540863037 282
1707976476691 0.38789188861846924 283
1707976477523 0.38788801431655884 284
1707976478409 0.38789069652557373 285
1707976479360 0.38788509368896484 286
1707976480301 0.3878883421421051 287
1707976481231 0.3878946304321289 288
1707976482200 0.38785359263420105 289
1707976483219 0.3878990113735199 290
1707976484239 0.38789424300193787 291
1707976485197 0.38786739110946655 292
1707976486072 0.3879038095474243 293
1707976487070 0.38786277174949646 294
1707976488023 0.3878859281539917 295
1707976488898 0.38790053129196167 296
1707976489860 0.38787025213241577 297
1707976490720 0.38788318634033203 298
1707976491555 0.38788217306137085 299
