1707696774919 0.656000018119812 0
1707696776436 0.8802666664123535 1
1707696778312 0.9053666591644287 2
1707696780379 0.916533350944519 3
1707696781894 0.9245833158493042 4
1707696783349 0.9306333065032959 5
1707696784811 0.9353333115577698 6
1707696786276 0.93913334608078 7
1707696787749 0.9417666792869568 8
1707696789205 0.9454500079154968 9
1707696790661 0.947516679763794 10
1707696792127 0.9501500129699707 11
1707696793612 0.9514333605766296 12
1707696795093 0.9527999758720398 13
1707696796541 0.9546833038330078 14
1707696797997 0.9555000066757202 15
1707696799462 0.9572166800498962 16
1707696801023 0.9587833285331726 17
1707696802472 0.9592833518981934 18
1707696804000 0.9608333110809326 19
1707696805468 0.9613833427429199 20
1707696806920 0.9625833630561829 21
1707696808413 0.9634833335876465 22
1707696809920 0.9638000130653381 23
1707696811352 0.9647833108901978 24
1707696812795 0.965583324432373 25
1707696814299 0.9665833115577698 26
1707696815759 0.9668999910354614 27
1707696817212 0.9679333567619324 28
1707696818667 0.968500018119812 29
