1707696774919 0.2495020180940628 0
1707696776436 0.11013555526733398 1
1707696778312 0.07167521119117737 2
1707696780379 0.058138247579336166 3
1707696781894 0.051404982805252075 4
1707696783349 0.046986646950244904 5
1707696784811 0.04382631555199623 6
1707696786276 0.0414029136300087 7
1707696787749 0.03940543904900551 8
1707696789205 0.0376780703663826 9
1707696790661 0.03619077056646347 10
1707696792127 0.03489755466580391 11
1707696793612 0.03375178202986717 12
1707696795093 0.03271258622407913 13
1707696796541 0.03170056268572807 14
1707696797997 0.03088333271443844 15
1707696799462 0.03006547875702381 16
1707696801023 0.029302358627319336 17
1707696802472 0.028620455414056778 18
1707696804000 0.027964690700173378 19
1707696805468 0.027402669191360474 20
1707696806920 0.02681800350546837 21
1707696808413 0.026350833475589752 22
1707696809920 0.02582864835858345 23
1707696811352 0.02531551569700241 24
1707696812795 0.02490612305700779 25
1707696814299 0.02446492575109005 26
1707696815759 0.02406253293156624 27
1707696817212 0.02370828576385975 28
1707696818667 0.023314721882343292 29
