1707980971044 0.10379999876022339 0
1707980971765 0.10559999942779541 1
1707980972476 0.11169999837875366 2
1707980973222 0.17640000581741333 3
1707980973890 0.211899995803833 4
1707980974511 0.24449999630451202 5
1707980975145 0.26170000433921814 6
1707980975757 0.2849000096321106 7
1707980976443 0.3010999858379364 8
1707980977154 0.31150001287460327 9
1707980977931 0.3384999930858612 10
1707980978788 0.3718000054359436 11
1707980979520 0.39160001277923584 12
1707980980227 0.3993000090122223 13
1707980980990 0.41510000824928284 14
1707980981708 0.41819998621940613 15
1707980982355 0.4334999918937683 16
1707980982976 0.4368000030517578 17
1707980983585 0.4413999915122986 18
1707980984202 0.44690001010894775 19
1707980984801 0.4575999975204468 20
1707980985401 0.47380000352859497 21
1707980986003 0.4749999940395355 22
1707980986606 0.4964999854564667 23
1707980987221 0.5083000063896179 24
1707980987828 0.5159000158309937 25
1707980988436 0.5284000039100647 26
1707980989042 0.5461999773979187 27
1707980989652 0.5605999827384949 28
1707980990254 0.5658000111579895 29
1707980990866 0.578000009059906 30
1707980991468 0.5792999863624573 31
1707980992077 0.5831000208854675 32
1707980992692 0.5874000191688538 33
1707980993302 0.5976999998092651 34
1707980993912 0.6017000079154968 35
1707980994514 0.6111999750137329 36
1707980995135 0.6053000092506409 37
1707980995757 0.613099992275238 38
1707980996380 0.6180999875068665 39
1707980996983 0.6216999888420105 40
1707980997583 0.6262000203132629 41
1707980998182 0.6312999725341797 42
1707980998788 0.632099986076355 43
1707980999405 0.6395999789237976 44
1707981000019 0.6456999778747559 45
1707981000634 0.6363999843597412 46
1707981001246 0.6513000130653381 47
1707981001860 0.6463000178337097 48
1707981002461 0.6535000205039978 49
1707981003064 0.6486999988555908 50
1707981003672 0.6499000191688538 51
1707981004278 0.6554999947547913 52
1707981004883 0.6636000275611877 53
1707981005539 0.6549999713897705 54
1707981006140 0.6614999771118164 55
1707981006750 0.6607000231742859 56
1707981007360 0.6647999882698059 57
1707981007978 0.6622999906539917 58
1707981008600 0.6676999926567078 59
1707981009195 0.6675000190734863 60
1707981009802 0.6676999926567078 61
1707981010424 0.664900004863739 62
1707981011138 0.6704000234603882 63
1707981011741 0.6729000210762024 64
1707981012345 0.6747999787330627 65
1707981012950 0.6776000261306763 66
1707981013548 0.6802999973297119 67
1707981014145 0.6739000082015991 68
1707981014745 0.6858000159263611 69
1707981015344 0.6815999746322632 70
1707981015938 0.6833999752998352 71
1707981016535 0.6916000247001648 72
1707981017128 0.6880000233650208 73
1707981017730 0.6883000135421753 74
1707981018328 0.6909999847412109 75
1707981018922 0.6912000179290771 76
1707981019529 0.6973000168800354 77
1707981020126 0.7059999704360962 78
1707981020730 0.7049999833106995 79
1707981021334 0.7084000110626221 80
1707981021934 0.7182000279426575 81
1707981022545 0.722100019454956 82
1707981023161 0.7202000021934509 83
1707981023761 0.7232000231742859 84
1707981024376 0.7296000123023987 85
1707981024977 0.7311000227928162 86
1707981025574 0.7310000061988831 87
1707981026171 0.7335000038146973 88
1707981026774 0.7394999861717224 89
1707981027384 0.7458000183105469 90
1707981027996 0.7459999918937683 91
1707981028601 0.744700014591217 92
1707981029211 0.7519000172615051 93
1707981029818 0.7483999729156494 94
1707981030423 0.7508000135421753 95
1707981031024 0.7519000172615051 96
1707981031634 0.7531999945640564 97
1707981032238 0.7544999718666077 98
1707981032844 0.7555000185966492 99
1707981033463 0.7483000159263611 100
1707981034070 0.7526000142097473 101
1707981034684 0.7591999769210815 102
1707981035284 0.7581999897956848 103
1707981035890 0.7623999714851379 104
1707981036560 0.7616999745368958 105
1707981037168 0.7630000114440918 106
1707981037775 0.7677000164985657 107
1707981038388 0.7648000121116638 108
1707981039000 0.7742000222206116 109
1707981039617 0.771399974822998 110
1707981040213 0.7750999927520752 111
1707981040824 0.7753999829292297 112
1707981041449 0.7728000283241272 113
1707981042045 0.7738000154495239 114
1707981042649 0.7720999717712402 115
1707981043264 0.7797999978065491 116
1707981043892 0.7727000117301941 117
1707981044496 0.7807999849319458 118
1707981045099 0.7857000231742859 119
1707981045695 0.7817000150680542 120
1707981046320 0.7814000248908997 121
1707981046926 0.7888000011444092 122
1707981047558 0.7874000072479248 123
1707981048162 0.7906000018119812 124
1707981048766 0.789900004863739 125
1707981049383 0.7907999753952026 126
1707981049994 0.7906000018119812 127
1707981050607 0.800599992275238 128
1707981051225 0.8021000027656555 129
1707981051838 0.7978000044822693 130
1707981052444 0.794700026512146 131
1707981053044 0.8032000064849854 132
1707981053638 0.8061000108718872 133
1707981054233 0.7965999841690063 134
1707981054831 0.8076000213623047 135
1707981055448 0.800000011920929 136
1707981056065 0.8068000078201294 137
1707981056666 0.8033000230789185 138
1707981057274 0.805400013923645 139
1707981057873 0.8036999702453613 140
1707981058480 0.8073999881744385 141
1707981059099 0.8070999979972839 142
1707981059706 0.8059999942779541 143
1707981060318 0.8094000220298767 144
1707981060922 0.8098000288009644 145
1707981061530 0.8134999871253967 146
1707981062128 0.8098999857902527 147
1707981062724 0.8138999938964844 148
1707981063323 0.8179000020027161 149
1707981063919 0.8151999711990356 150
1707981064527 0.8123000264167786 151
1707981065134 0.8137000203132629 152
1707981065741 0.819599986076355 153
1707981066340 0.8184999823570251 154
1707981066944 0.8199999928474426 155
1707981067558 0.8156999945640564 156
1707981068159 0.8198000192642212 157
1707981068768 0.8238999843597412 158
1707981069371 0.8169000148773193 159
1707981069986 0.8091999888420105 160
1707981070587 0.8173999786376953 161
1707981071195 0.8188999891281128 162
1707981071808 0.8187999725341797 163
1707981072405 0.8159000277519226 164
1707981073009 0.8216999769210815 165
1707981073626 0.8181999921798706 166
1707981074260 0.8192999958992004 167
1707981074870 0.820900022983551 168
1707981075487 0.8151000142097473 169
1707981076090 0.8209999799728394 170
1707981076716 0.8163999915122986 171
1707981077314 0.8188999891281128 172
1707981077929 0.819599986076355 173
1707981078545 0.8152999877929688 174
1707981079153 0.8234000205993652 175
1707981079766 0.8226000070571899 176
1707981080380 0.8245999813079834 177
1707981080989 0.8216000199317932 178
1707981081595 0.820900022983551 179
1707981082208 0.8201000094413757 180
1707981082812 0.8223999738693237 181
1707981083417 0.8246999979019165 182
1707981084035 0.8234000205993652 183
1707981084656 0.820900022983551 184
1707981085263 0.820900022983551 185
1707981085863 0.8223000168800354 186
1707981086463 0.8201000094413757 187
1707981087073 0.8208000063896179 188
1707981087676 0.8215000033378601 189
1707981088291 0.821399986743927 190
1707981088897 0.8208000063896179 191
1707981089496 0.8256000280380249 192
1707981090105 0.8241999745368958 193
1707981090705 0.8258000016212463 194
1707981091301 0.8240000009536743 195
1707981091901 0.8219000101089478 196
1707981092498 0.8127999901771545 197
1707981093112 0.8216999769210815 198
1707981093720 0.8263000249862671 199
1707981094325 0.820900022983551 200
1707981094933 0.8213000297546387 201
1707981095548 0.8238000273704529 202
1707981096151 0.8227999806404114 203
1707981096751 0.8233000040054321 204
1707981097353 0.8202000260353088 205
1707981097953 0.8210999965667725 206
1707981098549 0.8258000016212463 207
1707981099148 0.8197000026702881 208
1707981099755 0.8235999941825867 209
1707981100360 0.824999988079071 210
1707981100968 0.8140000104904175 211
1707981101579 0.8252000212669373 212
1707981102183 0.8234000205993652 213
1707981102795 0.8205999732017517 214
1707981103411 0.8216000199317932 215
1707981104017 0.8205999732017517 216
1707981104631 0.828000009059906 217
1707981105236 0.8227999806404114 218
1707981105866 0.821399986743927 219
1707981106492 0.8224999904632568 220
1707981107133 0.8237000107765198 221
1707981107750 0.8274999856948853 222
1707981108362 0.8259000182151794 223
