1707980971044 0.6689092516899109 0
1707980971765 0.4272768497467041 1
1707980972476 0.3775242269039154 2
1707980973222 0.35525500774383545 3
1707980973890 0.3391035497188568 4
1707980974511 0.3263930678367615 5
1707980975145 0.3156700134277344 6
1707980975757 0.3083592653274536 7
1707980976443 0.30284300446510315 8
1707980977154 0.2977478504180908 9
1707980977931 0.2921348214149475 10
1707980978788 0.28624528646469116 11
1707980979520 0.28147706389427185 12
1707980980227 0.2776356041431427 13
1707980980990 0.273703396320343 14
1707980981708 0.27104946970939636 15
1707980982355 0.2694171965122223 16
1707980982976 0.26806291937828064 17
1707980983585 0.26646995544433594 18
1707980984202 0.26479730010032654 19
1707980984801 0.2633364498615265 20
1707980985401 0.2620517909526825 21
1707980986003 0.2619737386703491 22
1707980986606 0.259772926568985 23
1707980987221 0.25824621319770813 24
1707980987828 0.256023645401001 25
1707980988436 0.2548243999481201 26
1707980989042 0.25139355659484863 27
1707980989652 0.25041326880455017 28
1707980990254 0.24883447587490082 29
1707980990866 0.24612957239151 30
1707980991468 0.24572612345218658 31
1707980992077 0.24457402527332306 32
1707980992692 0.24242180585861206 33
1707980993302 0.24164319038391113 34
1707980993912 0.24048031866550446 35
1707980994514 0.23935237526893616 36
1707980995135 0.23952099680900574 37
1707980995757 0.238599494099617 38
1707980996380 0.23677082359790802 39
1707980996983 0.23579873144626617 40
1707980997583 0.2365145981311798 41
1707980998182 0.23412971198558807 42
1707980998788 0.23442856967449188 43
1707980999405 0.2327185720205307 44
1707981000019 0.23265619575977325 45
1707981000634 0.2335517406463623 46
1707981001246 0.23099267482757568 47
1707981001860 0.23246321082115173 48
1707981002461 0.2306828647851944 49
1707981003064 0.23005011677742004 50
1707981003672 0.23070959746837616 51
1707981004278 0.2283107191324234 52
1707981004883 0.22697566449642181 53
1707981005539 0.22911690175533295 54
1707981006140 0.22756123542785645 55
1707981006750 0.22790229320526123 56
1707981007360 0.22708745300769806 57
1707981007978 0.22648777067661285 58
1707981008600 0.22740089893341064 59
1707981009195 0.22670869529247284 60
1707981009802 0.22604286670684814 61
1707981010424 0.22668352723121643 62
1707981011138 0.2261800318956375 63
1707981011741 0.22574740648269653 64
1707981012345 0.22491784393787384 65
1707981012950 0.2237916737794876 66
1707981013548 0.22438228130340576 67
1707981014145 0.22464196383953094 68
1707981014745 0.2227407544851303 69
1707981015344 0.22342810034751892 70
1707981015938 0.22331883013248444 71
1707981016535 0.22283655405044556 72
1707981017128 0.221405029296875 73
1707981017730 0.22276073694229126 74
1707981018328 0.22207748889923096 75
1707981018922 0.22135348618030548 76
1707981019529 0.22088535130023956 77
1707981020126 0.22024819254875183 78
1707981020730 0.22048376500606537 79
1707981021334 0.220284566283226 80
1707981021934 0.218078151345253 81
1707981022545 0.21802163124084473 82
1707981023161 0.2179976850748062 83
1707981023761 0.21813271939754486 84
1707981024376 0.21713405847549438 85
1707981024977 0.21702514588832855 86
1707981025574 0.216874361038208 87
1707981026171 0.21538561582565308 88
1707981026774 0.21447615325450897 89
1707981027384 0.21239160001277924 90
1707981027996 0.21303054690361023 91
1707981028601 0.2132091373205185 92
1707981029211 0.21112963557243347 93
1707981029818 0.212844118475914 94
1707981030423 0.2108919471502304 95
1707981031024 0.2103157788515091 96
1707981031634 0.21138207614421844 97
1707981032238 0.20995678007602692 98
1707981032844 0.21034328639507294 99
1707981033463 0.2099914848804474 100
1707981034070 0.20843319594860077 101
1707981034684 0.2081434577703476 102
1707981035284 0.2079116404056549 103
1707981035890 0.20640461146831512 104
1707981036560 0.20931968092918396 105
1707981037168 0.20738209784030914 106
1707981037775 0.20733106136322021 107
1707981038388 0.20761369168758392 108
1707981039000 0.20636652410030365 109
1707981039617 0.20656201243400574 110
1707981040213 0.20701496303081512 111
1707981040824 0.20608864724636078 112
1707981041449 0.20693379640579224 113
1707981042045 0.20648905634880066 114
1707981042649 0.20576301217079163 115
1707981043264 0.20556621253490448 116
1707981043892 0.20708654820919037 117
1707981044496 0.20535649359226227 118
1707981045099 0.2045922875404358 119
1707981045695 0.20576763153076172 120
1707981046320 0.20469552278518677 121
1707981046926 0.20441947877407074 122
1707981047558 0.2053615301847458 123
1707981048162 0.20329463481903076 124
1707981048766 0.20448921620845795 125
1707981049383 0.20448260009288788 126
1707981049994 0.20315434038639069 127
1707981050607 0.20201846957206726 128
1707981051225 0.20120030641555786 129
1707981051838 0.20242874324321747 130
1707981052444 0.20275618135929108 131
1707981053044 0.20106443762779236 132
1707981053638 0.19996139407157898 133
1707981054233 0.20302176475524902 134
1707981054831 0.2004561424255371 135
1707981055448 0.20164607465267181 136
1707981056065 0.20018738508224487 137
1707981056666 0.20091824233531952 138
1707981057274 0.2006036341190338 139
1707981057873 0.20224684476852417 140
1707981058480 0.20105710625648499 141
1707981059099 0.20039206743240356 142
1707981059706 0.20159052312374115 143
1707981060318 0.2015175223350525 144
1707981060922 0.20049333572387695 145
1707981061530 0.1995910406112671 146
1707981062128 0.19916711747646332 147
1707981062724 0.19909988343715668 148
1707981063323 0.19797250628471375 149
1707981063919 0.19863706827163696 150
1707981064527 0.20021098852157593 151
1707981065134 0.19931179285049438 152
1707981065741 0.19812403619289398 153
1707981066340 0.19735808670520782 154
1707981066944 0.19645211100578308 155
1707981067558 0.19690699875354767 156
1707981068159 0.1965416818857193 157
1707981068768 0.19653718173503876 158
1707981069371 0.1978895217180252 159
1707981069986 0.19868473708629608 160
1707981070587 0.19819436967372894 161
1707981071195 0.19765028357505798 162
1707981071808 0.19687385857105255 163
1707981072405 0.19840040802955627 164
1707981073009 0.19609247148036957 165
1707981073626 0.19642186164855957 166
1707981074260 0.1972728818655014 167
1707981074870 0.1964864730834961 168
1707981075487 0.19670434296131134 169
1707981076090 0.19537724554538727 170
1707981076716 0.19582737982273102 171
1707981077314 0.19662664830684662 172
1707981077929 0.19654954969882965 173
1707981078545 0.19666416943073273 174
1707981079153 0.19599762558937073 175
1707981079766 0.19522446393966675 176
1707981080380 0.19557520747184753 177
1707981080989 0.19566158950328827 178
1707981081595 0.194993257522583 179
1707981082208 0.1951795369386673 180
1707981082812 0.19706040620803833 181
1707981083417 0.1949056088924408 182
1707981084035 0.1960970163345337 183
1707981084656 0.19546397030353546 184
1707981085263 0.1964091956615448 185
1707981085863 0.1956736445426941 186
1707981086463 0.1966186910867691 187
1707981087073 0.19630953669548035 188
1707981087676 0.19516952335834503 189
1707981088291 0.19660678505897522 190
1707981088897 0.195499449968338 191
1707981089496 0.19558510184288025 192
1707981090105 0.19454394280910492 193
1707981090705 0.19311924278736115 194
1707981091301 0.19601821899414062 195
1707981091901 0.19474105536937714 196
1707981092498 0.19716328382492065 197
1707981093112 0.1954149454832077 198
1707981093720 0.19493786990642548 199
1707981094325 0.19609691202640533 200
1707981094933 0.19647793471813202 201
1707981095548 0.19593702256679535 202
1707981096151 0.19455461204051971 203
1707981096751 0.1939477175474167 204
1707981097353 0.19526532292366028 205
1707981097953 0.19660073518753052 206
1707981098549 0.19445697963237762 207
1707981099148 0.196446493268013 208
1707981099755 0.19458787143230438 209
1707981100360 0.19568319618701935 210
1707981100968 0.1984809786081314 211
1707981101579 0.19472607970237732 212
1707981102183 0.19524700939655304 213
1707981102795 0.19600510597229004 214
1707981103411 0.19672374427318573 215
1707981104017 0.19509176909923553 216
1707981104631 0.19392547011375427 217
1707981105236 0.19593149423599243 218
1707981105866 0.1970614492893219 219
1707981106492 0.1956298053264618 220
1707981107133 0.1953556090593338 221
1707981107750 0.1947089433670044 222
1707981108362 0.19526730477809906 223
